0.0      1000.0
0.1      1000.0
0.2      1000.0
0.3      1000.0
0.4      1000.0
0.5      1000.0
0.6      1000.0
0.7      1000.0
0.8      1000.0
0.9      1000.0
1.0      1000.0
1.1      1000.0
1.2      1000.0
1.3      1000.0
1.4      1000.0
1.5      1000.0
1.6      1000.0
1.7      983.6
1.8      953.8
1.9      912.8
2.0      885.5
2.1      878.6
2.2      896.9
2.3      917.7
2.4      921.4
2.5      931.9
2.6      940.2
2.7      943.1
2.8      957.8
2.9      954.8
3.0      939.4
3.1      931.9
3.2      918.9
3.3      924.8
3.4      926.0
3.5      922.6
3.6      924.8
3.7      927.5
3.8      925.0
3.9      922.8
4.0      925.8
4.1      925.8
4.2      922.1
4.3      923.1
4.4      926.3
4.5      923.8
4.6      922.1
4.7      925.3
4.8      925.8
4.9      922.6
5.0      922.8
5.1      926.0
5.2      923.8
5.3      921.6
5.4      924.5
5.5      925.8
5.6      921.9
5.7      922.1
5.8      925.3
5.9      923.8
6.0      921.1
6.1      923.3
6.2      924.3
6.3      920.9
6.4      921.1
6.5      924.3
6.6      922.8
6.7      920.9
6.8      923.1
6.9      924.5
7.0      921.6
7.1      922.3
7.2      925.8
7.3      924.5
7.4      921.4
7.5      923.8
7.6      925.8
7.7      921.6
7.8      921.4
7.9      924.8
8.0      924.8
8.1      921.6
8.2      925.8
8.3      926.7
8.4      923.1
8.5      922.8
8.6      925.8
8.7      924.1
8.8      920.9
8.9      924.1
9.0      926.0
9.1      922.3
9.2      922.3
9.3      925.8
9.4      924.8
9.5      921.9
9.6      924.5
9.7      925.0
9.8      923.8
9.9      924.8
10.0      927.5
10.1      925.8
10.2      923.6
10.3      926.0
10.4      928.0
10.5      924.5
10.6      924.1
10.7      927.7
10.8      926.3
10.9      922.8
11.0      927.0
11.1      926.0
11.2      922.6
11.3      922.8
11.4      925.5
11.5      923.3
11.6      920.6
11.7      923.6
11.8      925.0
11.9      921.9
12.0      921.6
12.1      925.0
12.2      923.3
12.3      921.9
12.4      925.0
12.5      926.0
12.6      922.6
12.7      923.1
12.8      926.5
12.9      925.3
13.0      922.8
13.1      925.5
13.2      926.3
13.3      923.1
13.4      923.8
13.5      927.2
13.6      924.8
13.7      922.8
13.8      926.5
13.9      926.5
14.0      922.8
14.1      924.5
14.2      927.2
14.3      924.8
14.4      923.3
14.5      926.5
14.6      926.3
14.7      923.1
14.8      925.0
14.9      927.0
15.0      924.3
15.1      923.1
15.2      926.7
15.3      926.0
15.4      922.3
15.5      924.8
15.6      926.3
15.7      922.6
15.8      922.8
15.9      926.3
16.0      925.3
16.1      922.8
16.2      925.5
16.3      926.7
16.4      923.3
16.5      923.6
16.6      927.0
16.7      925.3
16.8      923.1
16.9      926.3
17.0      927.2
17.1      923.8
17.2      924.1
17.3      927.2
17.4      924.3
17.5      921.6
17.6      924.8
17.7      926.0
17.8      923.8
17.9      923.1
18.0      926.0
18.1      924.1
18.2      921.9
18.3      925.8
18.4      926.3
18.5      923.1
18.6      924.8
18.7      927.2
18.8      924.8
18.9      923.3
19.0      926.5
19.1      926.7
19.2      923.6
19.3      924.8
19.4      927.5
19.5      924.8
19.6      923.1
19.7      926.7
19.8      926.7
19.9      923.3
20.0      924.8
