200.00      907.9
200.10      908.2
200.20      910.1
200.30      912.6
200.40      908.7
200.50      909.2
200.60      912.6
300.00      1.5
300.10      1.7
300.20      1.5
300.30      1.7
300.40      1.5
300.50      1.7
300.60      1.7
300.70      1.7
300.80      1.5
300.90      1.7
301.00      1.7
301.10      1.7
301.20      1.7
301.30      1.7
301.40      1.7
301.50      1.7
301.60      1.7
301.70      1.7
301.80      1.7
301.90      1.7
302.00      1.7
302.10      1.7
302.20      1.7
302.30      1.7
302.40      1.7
302.50      1.7
302.60      1.7
302.70      1.7
302.80      1.7
302.90      1.7
303.00      1.7
303.10      1.7
303.20      1.7
303.30      2.0
303.40      1.7
303.50      2.0
303.60      2.0
303.70      2.0
303.80      2.0
303.90      2.0
304.00      2.0
304.10      2.0
304.20      2.0
304.30      2.0
304.40      2.0
304.50      2.0
304.60      2.0
304.70      2.0
304.80      2.0
304.90      2.0
305.00      2.0
305.10      2.0
305.20      2.0
305.30      2.0
305.40      2.0
305.50      2.0
305.60      1.7
305.70      2.0
305.80      1.7
305.90      1.7
306.00      1.7
306.10      1.7
306.20      1.7
306.30      1.7
306.40      1.7
306.50      1.7
306.60      1.5
306.70      1.7
306.80      1.5
306.90      1.5
307.00      1.5
307.10      1.5
307.20      1.5
307.30      1.5
307.40      1.5
307.50      1.5
307.60      1.5
307.70      1.5
307.80      1.5
307.90      1.5
308.00      1.5
308.10      1.5
308.20      1.5
308.30      1.5
308.40      1.5
308.50      1.5
308.60      1.5
308.70      1.5
308.80      1.5
308.90      1.5
309.00      1.5
309.10      1.5
309.20      1.5
309.30      1.5
309.40      1.5
309.50      1.5
309.60      1.5
309.70      1.5
309.80      1.5
309.90      1.5
310.00      1.5
310.10      1.5
310.20      1.5
310.30      1.5
310.40      1.5
310.50      1.5
310.60      1.5
310.70      1.5
310.80      1.5
310.90      1.5
311.00      1.5
311.10      1.5
311.20      1.5
311.30      1.5
311.40      1.5
311.50      1.5
311.60      1.5
311.70      1.5
311.80      1.5
311.90      1.5
312.00      1.5
312.10      1.5
312.20      1.5
312.30      1.5
312.40      1.5
312.50      1.5
312.60      1.5
312.70      1.5
312.80      1.5
312.90      1.5
313.00      1.5
313.10      1.5
313.20      1.5
313.30      1.5
313.40      1.5
313.50      1.5
313.60      1.5
313.70      1.5
313.80      1.5
313.90      1.5
314.00      1.5
314.10      1.5
314.20      1.5
314.30      1.5
314.40      1.5
314.50      1.5
314.60      1.5
314.70      1.5
314.80      1.5
314.90      1.5
315.00      1.5
315.10      1.5
315.20      1.5
315.30      1.5
315.40      1.5
315.50      1.5
315.60      1.5
315.70      1.5
315.80      1.5
315.90      1.5
316.00      1.5
316.10      1.5
316.20      1.5
316.30      1.5
316.40      1.5
316.50      1.5
316.60      1.5
316.70      1.5
316.80      1.5
316.90      1.5
317.00      1.5
317.10      1.5
317.20      1.5
317.30      1.5
317.40      1.5
317.50      1.5
317.60      1.5
317.70      1.5
317.80      1.5
317.90      1.5
318.00      1.5
318.10      1.5
318.20      1.5
318.30      1.5
318.40      1.5
318.50      1.5
318.60      1.5
318.70      1.5
318.80      1.5
318.90      1.5
319.00      1.5
319.10      1.5
319.20      1.5
319.30      1.5
319.40      1.5
319.50      1.5
319.60      1.5
319.70      1.5
319.80      1.5
319.90      1.5
320.00      1.5
320.10      1.5
320.20      1.5
320.30      1.5
320.40      1.5
320.50      1.5
320.60      1.5
320.70      1.5
320.80      1.5
320.90      1.5
321.00      1.5
321.10      1.5
321.20      1.5
321.30      1.5
321.40      1.5
321.50      1.5
321.60      1.5
321.70      1.5
321.80      1.5
321.90      1.5
322.00      1.5
322.10      1.5
322.20      1.5
322.30      1.5
322.40      1.5
322.50      1.5
322.60      1.5
322.70      1.5
322.80      1.5
322.90      1.5
323.00      1.5
323.10      1.5
323.20      1.5
323.30      1.5
323.40      1.5
323.50      1.5
323.60      1.5
323.70      1.5
323.80      1.5
323.90      1.5
324.00      1.5
324.10      1.5
324.20      1.5
324.30      1.5
324.40      1.5
324.50      1.5
324.60      1.5
324.70      1.5
324.80      1.5
324.90      1.5
325.00      1.5
325.10      1.5
325.20      1.5
325.30      1.5
325.40      1.5
325.50      1.5
325.60      1.5
325.70      1.5
325.80      1.5
325.90      1.5
326.00      1.5
326.10      1.5
326.20      1.5
326.30      1.5
326.40      1.5
326.50      1.5
326.60      1.5
326.70      1.5
326.80      1.5
326.90      1.5
327.00      1.5
327.10      1.5
327.20      1.5
327.30      1.5
327.40      1.5
327.50      1.5
327.60      1.5
327.70      1.5
327.80      1.5
327.90      1.5
328.00      1.5
328.10      1.5
328.20      1.5
328.30      1.5
328.40      1.5
328.50      1.5
328.60      1.5
328.70      1.5
328.80      1.5
328.90      1.5
329.00      1.5
329.10      1.5
329.20      1.5
329.30      1.5
329.40      1.5
329.50      1.5
329.60      1.5
329.70      1.5
329.80      1.5
329.90      1.5
330.00      1.5
330.10      1.5
330.20      1.5
330.30      1.5
330.40      1.5
330.50      1.5
330.60      1.5
330.70      1.5
330.80      1.5
330.90      1.5
331.00      1.5
331.10      1.5
331.20      1.5
331.30      1.5
331.40      1.5
331.50      1.5
331.60      1.5
331.70      1.5
331.80      1.5
331.90      1.5
332.00      1.5
332.10      1.5
332.20      1.5
332.30      1.5
332.40      1.5
332.50      1.5
332.60      1.5
332.70      1.5
332.80      1.5
332.90      1.5
333.00      1.5
333.10      1.5
333.20      1.5
333.30      1.5
333.40      1.5
333.50      1.5
333.60      1.5
333.70      1.5
333.80      1.5
333.90      1.5
334.00      1.5
334.10      1.5
334.20      1.5
334.30      1.5
334.40      1.5
334.50      1.5
334.60      1.5
334.70      1.5
334.80      1.5
334.90      1.5
335.00      1.5
335.10      1.5
335.20      1.5
335.30      1.5
335.40      1.5
335.50      1.5
335.60      1.5
335.70      1.5
335.80      1.5
335.90      1.5
336.00      1.5
336.10      1.5
336.20      1.5
336.30      1.5
336.40      1.5
336.50      1.5
336.60      1.5
336.70      1.5
336.80      1.5
336.90      1.5
337.00      1.5
337.10      1.5
337.20      1.5
337.30      1.5
337.40      1.5
337.50      1.5
337.60      1.5
337.70      1.5
337.80      1.5
337.90      1.5
338.00      1.5
338.10      1.5
338.20      1.5
338.30      1.5
338.40      1.5
338.50      1.5
338.60      1.5
338.70      1.5
338.80      1.5
338.90      1.5
339.00      1.5
339.10      1.5
339.20      1.5
339.30      1.5
339.40      1.5
339.50      1.5
339.60      1.5
339.70      1.5
339.80      1.5
339.90      1.5
340.00      1.5
340.10      1.5
340.20      1.5
340.30      1.5
340.40      1.5
340.50      1.5
340.60      1.5
340.70      1.5
340.80      1.5
340.90      1.5
341.00      1.5
341.10      1.5
341.20      1.5
341.30      1.5
341.40      1.5
341.50      1.5
341.60      1.5
341.70      1.5
341.80      1.5
341.90      1.5
342.00      1.5
342.10      1.5
342.20      1.5
342.30      1.5
342.40      1.5
342.50      1.5
342.60      1.5
342.70      1.5
342.80      1.5
342.90      1.5
343.00      1.5
343.10      1.5
343.20      1.5
343.30      1.5
343.40      1.5
343.50      1.5
343.60      1.5
343.70      1.5
343.80      1.5
343.90      1.5
344.00      1.5
344.10      1.5
344.20      1.5
344.30      1.5
344.40      1.5
344.50      1.5
344.60      1.5
344.70      1.5
344.80      1.5
344.90      1.5
345.00      1.5
345.10      1.5
345.20      1.5
345.30      1.5
345.40      1.5
345.50      1.5
345.60      1.5
345.70      1.5
345.80      1.5
345.90      1.5
346.00      1.5
346.10      1.5
346.20      1.5
346.30      1.5
346.40      1.5
346.50      1.5
346.60      1.5
346.70      1.5
346.80      1.5
346.90      1.5
347.00      1.5
347.10      1.5
347.20      1.5
347.30      1.5
347.40      1.5
347.50      1.5
347.60      1.5
347.70      1.5
347.80      1.5
347.90      1.5
348.00      1.5
348.10      1.5
348.20      1.5
348.30      1.5
348.40      1.5
348.50      1.5
348.60      1.5
348.70      1.5
348.80      1.5
348.90      1.5
349.00      1.5
349.10      1.5
349.20      1.5
349.30      1.5
349.40      1.5
349.50      1.5
349.60      1.5
349.70      1.5
349.80      1.5
349.90      1.5
350.00      1.5
350.10      1.5
350.20      1.5
350.30      1.5
350.40      1.5
350.50      1.5
350.60      1.5
350.70      1.5
350.80      1.5
350.90      1.5
351.00      1.5
351.10      1.5
351.20      1.5
351.30      1.5
351.40      1.5
351.50      1.5
351.60      1.5
351.70      1.5
351.80      1.5
351.90      1.5
352.00      1.5
352.10      1.5
352.20      1.5
352.30      1.5
352.40      1.5
352.50      1.5
352.60      1.5
352.70      1.5
352.80      1.5
352.90      1.5
353.00      1.5
353.10      1.5
353.20      1.5
353.30      1.5
353.40      1.5
353.50      1.5
353.60      1.5
353.70      1.5
353.80      1.5
353.90      1.5
354.00      1.5
354.10      1.5
354.20      1.5
354.30      1.5
354.40      1.5
354.50      1.5
354.60      1.5
354.70      1.5
354.80      1.5
354.90      1.5
355.00      1.5
355.10      1.5
355.20      1.5
355.30      1.5
355.40      1.5
355.50      1.5
355.60      1.5
355.70      1.5
355.80      1.5
355.90      1.5
356.00      1.5
356.10      1.5
356.20      1.5
356.30      1.5
356.40      1.5
356.50      1.5
356.60      1.5
356.70      1.5
356.80      1.5
356.90      1.5
357.00      1.5
357.10      1.5
357.20      1.5
357.30      1.5
357.40      1.5
357.50      1.5
357.60      1.5
357.70      1.5
357.80      1.5
357.90      1.5
358.00      1.5
358.10      1.5
358.20      1.5
358.30      1.5
358.40      1.5
358.50      1.5
358.60      1.5
358.70      1.5
358.80      1.5
358.90      1.5
359.00      1.5
359.10      1.5
359.20      1.5
359.30      1.5
359.40      1.5
359.50      1.5
359.60      1.5
359.70      1.5
359.80      1.5
359.90      1.5
360.00      1.5
360.10      1.5
360.20      1.5
360.30      1.5
360.40      1.5
360.50      1.5
360.60      1.5
360.70      1.5
360.80      1.5
360.90      1.5
361.00      1.5
361.10      1.5
361.20      1.5
361.30      1.5
361.40      1.5
361.50      1.5
361.60      1.5
361.70      1.5
361.80      1.5
361.90      1.5
362.00      1.5
362.10      1.5
362.20      1.5
362.30      1.5
362.40      1.5
362.50      1.5
362.60      1.5
362.70      1.5
362.80      1.5
362.90      1.5
363.00      1.5
363.10      1.5
363.20      1.5
363.30      1.5
363.40      1.5
363.50      1.5
363.60      1.5
363.70      1.5
363.80      1.5
363.90      1.5
364.00      1.5
364.10      1.5
364.20      1.5
364.30      1.5
364.40      1.5
364.50      1.5
364.60      1.5
364.70      1.5
364.80      1.5
364.90      1.5
365.00      1.5
365.10      1.5
365.20      1.5
365.30      1.5
365.40      1.5
365.50      1.5
365.60      1.5
365.70      1.5
365.80      1.5
365.90      1.5
366.00      1.5
366.10      1.5
366.20      1.5
366.30      1.5
366.40      1.5
366.50      1.5
366.60      1.5
366.70      1.5
366.80      1.5
366.90      1.5
367.00      1.5
367.10      1.5
367.20      1.5
367.30      1.5
367.40      1.5
367.50      1.5
367.60      1.5
367.70      1.5
367.80      1.5
367.90      1.5
368.00      1.5
368.10      1.5
368.20      1.5
368.30      1.5
368.40      1.5
368.50      1.5
368.60      1.5
368.70      1.5
368.80      1.5
368.90      1.5
369.00      1.5
369.10      1.5
369.20      1.5
369.30      1.5
369.40      1.5
369.50      1.5
369.60      1.5
369.70      1.5
369.80      1.5
369.90      1.5
370.00      1.5
370.10      1.5
370.20      1.5
370.30      1.5
370.40      1.5
370.50      1.5
370.60      1.5
370.70      1.5
370.80      1.5
370.90      1.5
371.00      1.5
371.10      1.5
371.20      1.5
371.30      1.5
371.40      1.5
371.50      1.5
371.60      1.5
371.70      1.5
371.80      1.5
371.90      1.5
372.00      1.5
372.10      1.5
372.20      1.5
372.30      1.5
372.40      1.5
372.50      1.5
372.60      1.5
372.70      1.5
372.80      1.5
372.90      1.5
373.00      1.5
373.10      1.5
373.20      1.5
373.30      1.5
373.40      1.5
373.50      1.5
373.60      1.5
373.70      1.5
373.80      1.5
373.90      1.5
374.00      1.5
374.10      1.5
374.20      1.5
374.30      1.5
374.40      1.5
374.50      1.5
374.60      1.5
374.70      1.5
374.80      1.5
374.90      1.5
375.00      1.5
375.10      1.5
375.20      1.5
375.30      1.5
375.40      1.5
375.50      1.5
375.60      1.5
375.70      1.5
375.80      1.5
375.90      1.5
376.00      1.5
376.10      1.5
376.20      1.5
376.30      1.5
376.40      1.5
376.50      1.5
376.60      1.5
376.70      1.5
376.80      1.5
376.90      1.5
377.00      1.5
377.10      1.5
377.20      1.5
377.30      1.5
377.40      1.5
377.50      1.5
377.60      1.5
377.70      1.5
377.80      1.5
377.90      1.5
378.00      1.5
378.10      1.5
378.20      1.5
378.30      1.5
378.40      1.5
378.50      1.5
378.60      1.5
378.70      1.5
378.80      1.5
378.90      1.5
379.00      1.5
379.10      1.5
379.20      1.5
379.30      1.5
379.40      1.5
379.50      1.5
379.60      1.5
379.70      1.5
379.80      1.5
379.90      1.5
380.00      1.5
380.10      1.5
380.20      1.5
380.30      1.5
380.40      1.5
380.50      1.5
380.60      1.5
380.70      1.5
380.80      1.5
380.90      1.5
381.00      1.5
381.10      1.5
381.20      1.5
381.30      1.5
381.40      1.5
381.50      1.5
381.60      1.5
381.70      1.5
381.80      1.5
381.90      1.5
382.00      1.5
382.10      1.5
382.20      1.5
382.30      1.5
382.40      1.5
382.50      1.5
382.60      1.5
382.70      1.5
382.80      1.5
382.90      1.5
383.00      1.5
383.10      1.5
383.20      1.5
383.30      1.5
383.40      1.5
383.50      1.5
383.60      1.5
383.70      1.5
383.80      1.5
383.90      1.5
384.00      1.5
384.10      1.5
384.20      1.5
384.30      1.5
384.40      1.5
384.50      1.5
384.60      1.5
384.70      1.5
384.80      1.5
384.90      1.5
385.00      1.5
385.10      1.5
385.20      1.5
385.30      1.5
385.40      1.5
385.50      1.5
385.60      1.5
385.70      1.5
385.80      1.5
385.90      1.5
386.00      1.5
386.10      1.5
386.20      1.5
386.30      1.5
386.40      1.5
386.50      1.5
386.60      1.5
386.70      1.5
386.80      1.5
386.90      1.5
387.00      1.5
387.10      1.5
387.20      1.5
387.30      1.5
387.40      1.5
387.50      1.5
387.60      1.5
387.70      1.5
387.80      1.5
387.90      1.5
388.00      1.5
388.10      1.5
388.20      1.5
388.30      1.5
388.40      1.5
388.50      1.5
388.60      1.5
388.70      1.5
388.80      1.5
388.90      1.5
389.00      1.5
389.10      1.5
389.20      1.5
389.30      1.5
389.40      1.5
389.50      1.5
389.60      1.5
389.70      1.5
389.80      1.5
389.90      1.5
390.00      1.5
390.10      1.5
390.20      1.5
390.30      1.5
390.40      1.5
390.50      1.5
390.60      1.5
390.70      1.5
390.80      1.5
390.90      1.5
391.00      1.5
391.10      1.5
391.20      1.5
391.30      1.5
391.40      1.5
391.50      1.5
391.60      1.5
391.70      1.5
391.80      1.5
391.90      1.5
392.00      1.5
392.10      1.5
392.20      1.5
392.30      1.5
392.40      1.5
392.50      1.5
392.60      1.5
392.70      1.5
392.80      1.5
392.90      1.5
393.00      1.5
393.10      1.5
393.20      1.5
393.30      1.5
393.40      1.5
393.50      1.5
393.60      1.5
393.70      1.5
393.80      1.5
393.90      1.5
394.00      1.5
394.10      1.5
394.20      1.5
394.30      1.5
394.40      1.5
394.50      1.5
394.60      1.5
394.70      1.5
394.80      1.5
394.90      1.5
395.00      1.5
395.10      1.5
395.20      1.5
395.30      1.5
395.40      1.5
395.50      1.5
395.60      1.5
395.70      1.5
395.80      1.5
395.90      1.5
396.00      1.5
396.10      1.5
396.20      1.5
396.30      1.5
396.40      1.5
396.50      1.5
396.60      1.5
396.70      1.5
396.80      1.5
396.90      1.5
397.00      1.5
397.10      1.5
397.20      1.5
397.30      1.5
397.40      1.5
397.50      1.5
397.60      1.5
397.70      1.5
397.80      1.5
397.90      1.5
398.00      1.5
398.10      1.5
398.20      1.5
398.30      1.5
398.40      1.5
398.50      1.5
398.60      1.5
398.70      1.5
398.80      1.5
398.90      1.5
399.00      1.5
399.10      1.5
399.20      1.5
399.30      1.5
399.40      1.5
399.50      1.5
399.60      1.5
399.70      1.5
399.80      1.5
399.90      1.5
400.00      1.5
400.10      1.5
400.20      1.5
400.30      1.5
400.40      1.5
400.50      1.5
400.60      1.5
400.70      1.5
400.80      1.5
400.90      1.5
401.00      1.5
401.10      1.7
401.20      1.5
401.30      1.7
401.40      1.5
401.50      1.5
401.60      1.5
401.70      1.7
401.80      1.5
401.90      1.7
402.00      1.5
402.10      1.7
402.20      1.5
402.30      1.7
402.40      1.5
402.50      1.7
402.60      1.7
402.70      1.7
402.80      1.7
402.90      1.7
403.00      1.7
403.10      1.7
403.20      1.7
403.30      1.7
403.40      1.7
403.50      1.7
403.60      1.7
403.70      1.7
403.80      1.7
403.90      1.7
404.00      1.7
404.10      1.7
404.20      1.7
404.30      1.7
404.40      1.7
404.50      1.7
404.60      1.7
404.70      1.7
404.80      1.7
404.90      1.7
405.00      1.7
405.10      1.7
405.20      1.7
405.30      1.7
405.40      1.7
405.50      1.7
405.60      1.7
405.70      1.7
405.80      1.7
405.90      1.7
406.00      1.7
406.10      1.7
406.20      1.7
406.30      1.7
406.40      1.7
406.50      2.0
406.60      1.7
406.70      2.0
406.80      2.0
406.90      2.0
407.00      1.7
407.10      2.0
407.20      2.0
407.30      2.0
407.40      2.0
407.50      2.0
407.60      2.0
407.70      2.0
407.80      2.0
407.90      2.0
408.00      2.0
408.10      2.0
408.20      2.0
408.30      2.0
408.40      2.0
408.50      2.0
408.60      2.0
408.70      2.0
408.80      2.0
408.90      2.2
409.00      2.0
409.10      2.2
409.20      2.2
409.30      2.2
409.40      2.2
409.50      2.2
409.60      2.2
409.70      2.2
409.80      2.2
409.90      2.2
410.00      2.2
410.10      2.2
410.20      2.2
410.30      2.2
410.40      2.2
410.50      2.2
410.60      2.2
410.70      2.4
410.80      2.2
410.90      2.4
411.00      2.4
411.10      2.4
411.20      2.4
411.30      2.4
411.40      2.4
411.50      2.4
411.60      2.4
411.70      2.4
411.80      2.4
411.90      2.4
412.00      2.4
412.10      2.7
412.20      2.7
412.30      2.7
412.40      2.7
412.50      2.7
412.60      2.7
412.70      2.7
412.80      2.7
412.90      2.9
413.00      2.9
413.10      2.9
413.20      2.9
413.30      2.9
413.40      2.9
413.50      3.2
413.60      3.2
413.70      3.2
413.80      3.2
413.90      3.2
414.00      3.2
414.10      3.4
414.20      3.4
414.30      3.4
414.40      3.4
414.50      3.4
414.60      3.4
414.70      3.7
414.80      3.7
414.90      3.7
415.00      3.7
415.10      3.9
415.20      3.9
415.30      3.9
415.40      3.9
415.50      4.2
415.60      4.2
415.70      4.2
415.80      4.2
415.90      4.4
416.00      4.4
416.10      4.4
416.20      4.4
416.30      4.6
416.40      4.6
416.50      4.6
416.60      4.6
416.70      4.9
416.80      4.9
416.90      5.1
417.00      5.1
417.10      5.1
417.20      5.1
417.30      5.4
417.40      5.4
417.50      5.6
417.60      5.6
417.70      5.9
417.80      5.9
417.90      5.9
418.00      5.9
418.10      6.1
418.20      6.1
418.30      6.3
418.40      6.3
418.50      6.6
418.60      6.6
418.70      6.8
418.80      6.8
418.90      7.1
419.00      7.1
419.10      7.3
419.20      7.3
419.30      7.6
419.40      7.6
419.50      7.8
419.60      7.8
419.70      8.1
419.80      8.1
419.90      8.3
420.00      8.3
420.10      8.5
420.20      8.5
420.30      8.8
420.40      8.8
420.50      9.0
420.60      9.3
420.70      9.3
420.80      9.5
420.90      9.8
421.00      9.8
421.10      10.0
421.20      10.0
421.30      10.3
421.40      10.5
421.50      10.7
421.60      10.7
421.70      11.0
421.80      11.0
421.90      11.2
422.00      11.5
422.10      11.7
422.20      12.0
422.30      12.0
422.40      12.2
422.50      12.5
422.60      12.7
422.70      12.7
422.80      12.9
422.90      13.2
423.00      13.4
423.10      13.7
423.20      13.9
423.30      14.2
423.40      14.2
423.50      14.4
423.60      14.7
423.70      14.9
423.80      15.1
423.90      15.4
424.00      15.6
424.10      15.9
424.20      16.1
424.30      16.4
424.40      16.6
424.50      16.8
424.60      17.1
424.70      17.3
424.80      17.6
424.90      17.8
425.00      18.1
425.10      18.6
425.20      18.6
425.30      19.0
425.40      19.3
425.50      19.5
425.60      19.8
425.70      20.3
425.80      20.5
425.90      20.8
426.00      21.0
426.10      21.5
426.20      21.7
426.30      22.0
426.40      22.5
426.50      22.7
426.60      23.0
426.70      23.4
426.80      23.9
426.90      24.2
427.00      24.7
427.10      25.2
427.20      25.4
427.30      25.6
427.40      26.1
427.50      26.6
427.60      26.9
427.70      27.6
427.80      28.1
427.90      28.3
428.00      28.8
428.10      29.5
428.20      29.8
428.30      30.3
428.40      31.0
428.50      31.5
428.60      32.0
428.70      32.5
428.80      33.2
428.90      33.7
429.00      34.2
429.10      34.9
429.20      35.7
429.30      36.1
429.40      36.6
429.50      37.6
429.60      38.1
429.70      38.6
429.80      39.3
429.90      40.3
430.00      40.8
430.10      41.5
430.20      42.2
430.30      43.0
430.40      43.5
430.50      44.4
430.60      45.2
430.70      45.9
430.80      46.6
430.90      47.6
431.00      48.4
431.10      49.1
431.20      50.1
431.30      51.0
431.40      51.8
431.50      52.7
431.60      53.7
431.70      54.7
431.80      55.4
431.90      56.7
432.00      57.6
432.10      58.4
432.20      59.3
432.30      60.6
432.40      61.5
432.50      62.3
432.60      63.7
432.70      64.7
432.80      65.4
432.90      66.7
433.00      67.9
433.10      68.9
433.20      69.8
433.30      71.3
433.40      72.5
433.50      73.5
433.60      74.7
433.70      76.2
433.80      77.2
433.90      78.4
434.00      79.9
434.10      81.1
434.20      82.3
434.30      83.8
434.40      85.5
434.50      86.7
434.60      87.9
434.70      89.9
434.80      91.3
434.90      92.6
435.00      94.0
435.10      96.0
435.20      96.9
435.30      98.7
435.40      100.4
435.50      101.8
435.60      103.1
435.70      104.8
435.80      106.5
435.90      107.9
436.00      109.6
436.10      111.8
436.20      113.3
436.30      114.8
436.40      116.7
436.50      118.9
436.60      120.1
436.70      122.1
436.80      124.3
436.90      126.0
437.00      127.2
437.10      129.4
437.20      131.4
437.30      132.8
437.40      134.6
437.50      136.8
437.60      138.2
437.70      139.7
437.80      141.9
437.90      143.8
438.00      145.1
438.10      147.0
438.20      149.5
438.30      150.9
438.40      152.6
438.50      155.1
438.60      157.0
438.70      158.5
438.80      160.7
438.90      163.4
439.00      165.1
439.10      166.8
439.20      169.7
439.30      171.9
439.40      173.6
439.50      176.1
439.60      178.8
439.70      180.5
439.80      182.7
439.90      185.6
440.00      187.8
440.10      189.5
440.20      192.2
440.30      194.9
440.40      196.3
440.50      198.3
440.60      201.0
440.70      202.9
440.80      204.2
440.90      206.8
441.00      209.5
441.10      211.5
441.20      213.9
441.30      217.1
441.40      219.0
441.50      220.3
441.60      223.0
441.70      225.6
441.80      227.1
441.90      229.5
442.00      232.7
442.10      235.2
442.20      237.1
442.30      240.8
442.40      243.7
442.50      245.7
442.60      248.6
442.70      252.3
442.80      254.9
442.90      257.1
443.00      260.8
443.10      264.2
443.20      266.4
443.30      269.6
443.40      273.7
443.50      276.4
443.60      279.1
443.70      283.3
443.80      287.2
443.90      289.6
444.00      293.3
444.10      297.9
444.20      301.1
444.30      304.0
444.40      308.9
444.50      313.1
444.60      316.0
444.70      320.4
444.80      325.5
444.90      328.9
445.00      332.6
445.10      338.2
445.20      342.6
445.30      345.8
445.40      350.9
445.50      356.5
445.60      360.2
445.70      364.3
445.80      370.5
445.90      375.3
446.00      379.0
446.10      384.6
446.20      390.7
446.30      394.6
446.40      399.0
446.50      405.9
446.60      411.0
446.70      414.9
446.80      421.0
446.90      427.6
447.00      431.7
447.10      436.9
447.20      444.2
447.30      449.8
447.40      454.2
447.50      461.3
447.60      468.6
447.70      473.0
447.80      478.9
447.90      486.9
448.00      492.8
448.10      497.7
448.20      505.3
448.30      512.3
448.40      517.0
448.50      522.8
448.60      531.1
448.70      537.0
448.80      541.6
448.90      549.5
449.00      557.0
449.10      561.4
449.20      567.8
449.30      576.3
449.40      581.7
449.50      586.8
449.60      594.9
449.70      602.9
449.80      606.8
449.90      613.4
450.00      622.2
450.10      627.8
450.20      633.2
450.30      642.2
450.40      650.3
450.50      655.2
450.60      662.0
450.70      671.3
450.80      676.2
450.90      681.3
451.00      689.9
451.10      697.4
451.20      700.9
451.30      707.9
451.40      716.5
451.50      720.4
451.60      725.0
451.70      733.1
451.80      738.9
451.90      742.4
452.00      749.0
452.10      757.3
452.20      760.4
452.30      764.3
452.40      772.4
452.50      778.3
452.60      780.5
452.70      787.3
452.80      794.6
452.90      797.3
453.00      801.0
453.10      808.8
453.20      813.7
453.30      815.1
453.40      821.0
453.50      827.8
453.60      829.5
453.70      833.0
453.80      840.3
453.90      843.7
454.00      844.7
454.10      850.3
454.20      856.2
454.30      856.9
454.40      859.3
454.50      865.9
454.60      868.6
454.70      868.4
454.80      873.5
454.90      878.4
455.00      877.9
455.10      879.9
455.20      885.7
455.30      887.2
455.40      886.2
455.50      890.4
455.60      894.3
455.70      892.8
455.80      894.0
455.90      899.1
456.00      899.4
456.10      897.7
456.20      901.3
456.30      904.0
456.40      901.6
456.50      902.1
456.60      906.5
456.70      905.3
456.80      903.1
456.90      906.0
457.00      907.4
457.10      904.0
457.20      903.8
457.30      907.0
457.40      905.3
457.50      901.8
457.60      904.3
457.70      904.3
457.80      899.9
457.90      899.4
458.00      901.3
458.10      898.2
458.20      894.5
458.30      895.7
458.40      895.0
458.50      889.4
458.60      888.4
458.70      889.1
458.80      884.5
458.90      880.1
459.00      880.8
459.10      878.6
459.20      872.5
459.30      870.3
459.40      870.1
459.50      864.2
459.60      859.3
459.70      858.9
459.80      855.4
459.90      848.1
460.00      845.7
460.10      843.7
460.20      837.1
460.30      831.3
460.40      829.5
460.50      824.9
460.60      817.1
460.70      813.7
460.80      811.0
460.90      802.9
461.00      796.8
461.10      794.6
461.20      789.0
461.30      780.5
461.40      776.8
461.50      772.6
461.60      764.3
461.70      757.5
461.80      754.3
461.90      748.0
462.00      739.4
462.10      735.0
462.20      730.9
462.30      722.1
462.40      715.8
462.50      712.1
462.60      705.5
462.70      697.2
462.80      692.8
462.90      688.2
463.00      679.6
463.10      672.8
463.20      669.1
463.30      661.8
463.40      653.7
463.50      649.3
463.60      644.0
463.70      635.4
463.80      629.3
463.90      625.2
464.00      618.1
464.10      610.0
464.20      605.9
464.30      600.7
464.40      592.7
464.50      587.1
464.60      583.4
464.70      576.3
464.80      569.5
464.90      565.6
465.00      560.7
465.10      553.1
465.20      548.2
465.30      544.6
465.40      538.2
465.50      531.6
465.60      528.4
465.70      523.3
465.80      516.7
465.90      512.1
466.00      509.2
466.10      503.1
466.20      496.7
466.30      493.3
466.40      488.6
466.50      481.8
466.60      477.9
466.70      474.5
466.80      468.9
466.90      463.5
467.00      461.1
467.10      456.7
467.20      450.5
467.30      447.1
467.40      444.4
467.50      439.3
467.60      434.7
467.70      432.5
467.80      428.8
467.90      423.7
468.00      421.2
468.10      418.6
468.20      414.2
468.30      410.5
468.40      408.8
468.50      404.9
468.60      400.5
468.70      397.8
468.80      395.6
468.90      391.0
469.00      387.5
469.10      385.6
469.20      382.4
469.30      378.0
469.40      376.1
469.50      373.4
469.60      369.2
469.70      366.3
469.80      364.6
469.90      361.4
470.00      357.3
470.10      355.3
470.20      353.1
470.30      349.0
470.40      346.3
470.50      344.6
470.60      341.4
470.70      338.0
470.80      336.3
470.90      334.1
471.00      330.2
471.10      327.7
471.20      326.3
471.30      323.1
471.40      319.9
471.50      318.2
471.60      316.2
471.70      312.6
471.80      310.4
471.90      309.2
472.00      306.0
472.10      303.1
472.20      301.8
472.30      299.6
472.40      296.2
472.50      294.3
472.60      292.8
472.70      289.9
472.80      287.2
472.90      285.7
473.00      283.8
473.10      280.6
473.20      278.6
473.30      277.2
473.40      274.5
473.50      271.8
473.60      270.6
473.70      268.6
473.80      265.4
473.90      263.7
474.00      262.3
474.10      259.3
474.20      256.9
474.30      255.7
474.40      253.5
474.50      250.5
474.60      248.8
474.70      247.1
474.80      244.4
474.90      242.0
475.00      240.8
475.10      238.3
475.20      235.4
475.30      233.9
475.40      232.2
475.50      229.3
475.60      227.1
475.70      225.6
475.80      223.4
475.90      220.5
476.00      218.8
476.10      217.1
476.20      214.2
476.30      212.0
476.40      210.5
476.50      208.3
476.60      205.4
476.70      203.9
476.80      202.2
476.90      199.3
477.00      197.3
477.10      195.8
477.20      193.4
477.30      191.0
477.40      189.3
477.50      187.5
477.60      184.9
477.70      182.9
477.80      181.4
477.90      179.0
478.00      176.8
478.10      175.3
478.20      173.6
478.30      171.2
478.40      169.5
478.50      168.0
478.60      166.1
478.70      163.9
478.80      162.4
478.90      160.9
479.00      158.5
479.10      157.0
479.20      155.6
479.30      153.6
479.40      151.6
479.50      150.4
479.60      148.7
479.70      146.5
479.80      145.1
479.90      143.8
480.00      141.9
480.10      140.2
480.20      138.9
480.30      137.5
480.40      135.5
480.50      134.3
480.60      133.3
480.70      131.4
480.80      129.9
480.90      128.9
481.00      127.5
481.10      125.8
481.20      124.8
481.30      123.6
481.40      122.1
481.50      120.6
481.60      119.9
481.70      118.4
481.80      117.0
481.90      116.0
482.00      115.3
482.10      113.6
482.20      112.3
482.30      111.6
482.40      110.4
482.50      108.9
482.60      107.9
482.70      107.2
482.80      105.7
482.90      104.8
483.00      104.0
483.10      103.1
483.20      101.8
483.30      101.1
483.40      100.4
483.50      99.1
483.60      98.4
483.70      97.9
483.80      96.9
483.90      96.0
484.00      95.5
484.10      94.7
484.20      93.8
484.30      93.0
484.40      92.8
484.50      91.8
484.60      91.1
484.70      90.6
484.80      90.1
484.90      89.1
485.00      88.4
485.10      88.2
485.20      87.4
485.30      86.7
485.40      86.2
485.50      85.7
485.60      85.0
485.70      84.5
485.80      84.2
485.90      83.5
486.00      82.8
486.10      82.5
486.20      82.1
486.30      81.3
486.40      80.8
486.50      80.6
486.60      79.9
486.70      79.4
486.80      79.1
486.90      78.9
487.00      78.1
487.10      77.9
487.20      77.7
487.30      76.9
487.40      76.4
487.50      76.4
487.60      75.9
487.70      75.5
487.80      75.2
487.90      75.2
488.00      74.5
488.10      74.2
488.20      74.0
488.30      73.7
488.40      73.3
488.50      73.0
488.60      73.0
488.70      72.3
488.80      72.0
488.90      72.0
489.00      71.8
489.10      71.3
489.20      71.1
489.30      71.1
489.40      70.6
489.50      70.3
489.60      70.3
489.70      70.1
489.80      69.6
489.90      69.6
490.00      69.4
490.10      69.1
490.20      68.9
490.30      68.9
490.40      68.6
490.50      68.1
490.60      68.1
490.70      68.1
490.80      67.6
490.90      67.6
491.00      67.6
491.10      67.4
491.20      66.9
491.30      67.2
491.40      66.9
491.50      66.7
491.60      66.4
491.70      66.7
491.80      66.4
491.90      66.2
492.00      66.2
492.10      66.2
492.20      65.9
492.30      65.7
492.40      65.9
492.50      65.7
492.60      65.4
492.70      65.7
492.80      65.7
492.90      65.4
493.00      65.4
493.10      65.7
493.20      65.4
493.30      65.2
493.40      65.4
493.50      65.4
493.60      65.2
493.70      65.4
493.80      65.4
493.90      65.4
494.00      65.4
494.10      65.7
494.20      65.7
494.30      65.4
494.40      65.7
494.50      65.9
494.60      65.7
494.70      65.9
494.80      66.2
494.90      66.2
495.00      66.2
495.10      66.4
495.20      66.7
495.30      66.7
495.40      66.7
495.50      67.2
495.60      67.2
495.70      67.2
495.80      67.6
495.90      67.9
496.00      67.9
496.10      68.1
496.20      68.6
496.30      68.6
496.40      68.6
496.50      69.1
496.60      69.6
496.70      69.6
496.80      69.8
496.90      70.3
497.00      70.6
497.10      70.6
497.20      71.3
497.30      71.6
497.40      71.6
497.50      72.0
497.60      72.5
497.70      72.8
497.80      73.0
497.90      73.5
498.00      74.0
498.10      74.2
498.20      74.7
498.30      75.2
498.40      75.5
498.50      75.9
498.60      76.4
498.70      76.9
498.80      77.2
498.90      77.7
499.00      78.4
499.10      78.6
499.20      79.1
499.30      79.9
499.40      80.1
499.50      80.3
499.60      81.1
499.70      81.8
499.80      81.8
499.90      82.5
500.00      83.3
500.10      83.8
500.20      84.0
500.30      84.7
500.40      85.5
500.50      85.7
500.60      86.2
500.70      86.9
500.80      87.4
500.90      87.7
501.00      88.4
501.10      89.4
501.20      89.6
501.30      90.1
501.40      91.1
501.50      91.6
501.60      91.8
501.70      92.8
501.80      93.5
501.90      93.8
502.00      94.3
502.10      95.2
502.20      95.7
502.30      96.2
502.40      97.2
502.50      97.9
502.60      98.2
502.70      98.9
502.80      99.9
502.90      100.4
503.00      100.9
503.10      101.8
503.20      102.6
503.30      103.1
503.40      103.8
503.50      104.8
503.60      105.3
503.70      105.7
503.80      106.7
503.90      107.4
504.00      107.7
504.10      108.7
504.20      109.6
504.30      110.1
504.40      110.6
504.50      111.6
504.60      112.3
504.70      112.8
504.80      113.8
504.90      114.8
505.00      115.0
505.10      115.8
505.20      117.0
505.30      117.7
505.40      117.9
505.50      118.9
505.60      120.1
505.70      120.4
505.80      121.1
505.90      122.3
506.00      123.1
506.10      123.6
506.20      124.8
506.30      125.8
506.40      126.3
506.50      127.0
506.60      128.2
506.70      129.2
506.80      129.4
506.90      130.6
507.00      131.9
507.10      132.4
507.20      133.1
507.30      134.6
507.40      135.3
507.50      135.8
507.60      137.0
507.70      138.2
507.80      138.7
507.90      139.7
508.00      141.1
508.10      141.9
508.20      142.6
508.30      144.1
508.40      145.3
508.50      145.8
508.60      146.8
508.70      148.2
508.80      149.0
508.90      149.7
509.00      151.2
509.10      152.4
509.20      152.9
509.30      154.1
509.40      155.6
509.50      156.3
509.60      157.0
509.70      158.5
509.80      159.7
509.90      160.2
510.00      161.4
510.10      162.9
510.20      163.6
510.30      164.3
510.40      166.1
510.50      167.0
510.60      167.5
510.70      168.7
510.80      170.2
510.90      170.7
511.00      171.7
511.10      173.4
511.20      174.4
511.30      174.6
511.40      176.1
511.50      177.5
511.60      178.0
511.70      178.8
511.80      180.5
511.90      181.2
512.00      181.7
512.10      183.2
512.20      184.4
512.30      184.6
512.40      185.6
512.50      187.1
512.60      187.8
512.70      188.3
512.80      189.5
512.90      190.7
513.00      191.0
513.10      191.9
513.20      193.4
513.30      193.9
513.40      194.4
513.50      195.6
513.60      196.8
513.70      196.8
513.80      197.8
513.90      199.3
514.00      199.5
514.10      200.0
514.20      201.2
514.30      202.2
514.40      202.2
514.50      203.2
514.60      204.4
514.70      204.6
514.80      204.9
514.90      206.1
515.00      206.8
515.10      206.8
515.20      207.6
515.30      208.8
515.40      208.8
515.50      209.0
515.60      210.3
515.70      210.7
515.80      210.3
515.90      211.2
516.00      212.2
516.10      212.2
516.20      212.2
516.30      213.4
516.40      213.7
516.50      213.4
516.60      214.2
516.70      215.1
516.80      214.7
516.90      214.9
517.00      215.9
517.10      216.1
517.20      215.6
517.30      216.4
517.40      217.1
517.50      216.6
517.60      216.6
517.70      217.6
517.80      217.6
517.90      217.1
518.00      217.8
518.10      218.3
518.20      217.8
518.30      217.8
518.40      218.6
518.50      218.3
518.60      217.8
518.70      218.6
518.80      219.0
518.90      218.1
519.00      218.3
519.10      219.0
519.20      218.6
519.30      218.1
519.40      218.6
519.50      218.8
519.60      218.1
519.70      218.1
519.80      218.8
519.90      218.1
520.00      217.6
520.10      218.1
520.20      218.1
520.30      217.3
520.40      217.3
520.50      217.8
520.60      217.1
520.70      216.4
520.80      216.8
520.90      216.8
521.00      215.9
521.10      215.9
521.20      216.4
521.30      215.4
521.40      214.9
521.50      215.4
521.60      214.9
521.70      213.9
521.80      213.9
521.90      214.2
522.00      213.2
522.10      212.7
522.20      212.9
522.30      212.5
522.40      211.5
522.50      211.5
522.60      211.5
522.70      210.5
522.80      209.8
522.90      210.0
523.00      209.5
523.10      208.3
523.20      208.3
523.30      208.3
523.40      207.1
523.50      206.6
523.60      206.6
523.70      205.9
523.80      204.6
523.90      204.6
524.00      204.4
524.10      203.2
524.20      202.4
524.30      202.4
524.40      201.5
524.50      200.2
524.60      200.2
524.70      199.8
524.80      198.3
524.90      197.8
525.00      197.6
525.10      196.6
525.20      195.4
525.30      195.1
525.40      194.6
525.50      193.2
525.60      192.4
525.70      192.4
525.80      191.2
525.90      190.0
526.00      189.7
526.10      189.0
526.20      187.5
526.30      187.1
526.40      186.8
526.50      185.3
526.60      184.1
526.70      183.9
526.80      183.2
526.90      181.7
527.00      181.0
527.10      180.7
527.20      179.2
527.30      178.3
527.40      177.8
527.50      177.0
527.60      175.6
527.70      174.8
527.80      174.4
527.90      173.1
528.00      171.9
528.10      171.7
528.20      170.7
528.30      169.2
528.40      168.7
528.50      168.3
528.60      166.8
528.70      165.8
528.80      165.3
528.90      164.3
529.00      162.9
529.10      162.4
529.20      161.9
529.30      160.4
529.40      159.5
529.50      159.0
529.60      158.0
529.70      156.5
529.80      156.0
529.90      155.6
530.00      154.1
530.10      153.1
530.20      152.6
530.30      151.6
530.40      150.4
530.50      149.9
530.60      149.2
530.70      147.7
530.80      147.0
530.90      146.5
531.00      145.5
531.10      144.3
531.20      144.1
531.30      143.3
531.40      142.1
531.50      141.4
531.60      141.1
531.70      140.2
531.80      138.9
531.90      138.5
532.00      138.0
532.10      136.5
532.20      136.0
532.30      135.8
532.40      134.6
532.50      133.6
532.60      133.3
532.70      132.6
532.80      131.4
532.90      130.6
533.00      130.4
533.10      129.4
533.20      128.4
533.30      128.2
533.40      127.5
533.50      126.5
533.60      125.8
533.70      125.5
533.80      124.5
533.90      123.6
534.00      123.3
534.10      122.8
534.20      121.6
534.30      121.1
534.40      120.9
534.50      119.9
534.60      118.9
534.70      118.9
534.80      118.2
534.90      117.2
535.00      116.7
535.10      116.2
535.20      115.3
535.30      114.8
535.40      114.3
535.50      113.6
535.60      112.8
535.70      112.3
535.80      112.1
535.90      111.1
536.00      110.4
536.10      110.1
536.20      109.4
536.30      108.7
536.40      108.4
536.50      107.9
536.60      107.0
536.70      106.5
536.80      106.2
536.90      105.5
537.00      104.8
537.10      104.5
537.20      104.0
537.30      103.1
537.40      102.8
537.50      102.6
537.60      101.6
537.70      101.1
537.80      100.9
537.90      100.4
538.00      99.4
538.10      99.1
538.20      98.7
538.30      97.9
538.40      97.4
538.50      97.2
538.60      96.5
538.70      95.7
538.80      95.2
538.90      95.0
539.00      94.3
539.10      93.5
539.20      93.3
539.30      92.8
539.40      92.1
539.50      91.6
539.60      91.3
539.70      90.4
539.80      89.9
539.90      89.6
540.00      88.9
540.10      88.2
540.20      87.7
540.30      87.4
540.40      86.4
540.50      86.0
540.60      85.7
540.70      85.0
540.80      84.2
540.90      84.0
541.00      83.5
541.10      82.5
541.20      82.1
541.30      81.8
541.40      81.1
541.50      80.3
541.60      80.1
541.70      79.6
541.80      78.9
541.90      78.4
542.00      78.1
542.10      77.4
542.20      76.7
542.30      76.4
542.40      75.9
542.50      75.2
542.60      74.7
542.70      74.5
542.80      73.7
542.90      73.3
543.00      73.0
543.10      72.5
543.20      71.8
543.30      71.3
543.40      71.1
543.50      70.3
543.60      69.6
543.70      69.6
543.80      68.9
543.90      68.1
544.00      67.9
544.10      67.6
544.20      66.9
544.30      66.4
544.40      66.2
544.50      65.7
544.60      65.0
544.70      64.7
544.80      64.2
544.90      63.5
545.00      63.0
545.10      63.0
545.20      62.3
545.30      61.8
545.40      61.5
545.50      61.1
545.60      60.3
545.70      60.1
545.80      59.6
545.90      59.1
546.00      58.6
546.10      58.4
546.20      57.9
546.30      57.4
546.40      56.9
546.50      56.7
546.60      56.2
546.70      55.7
546.80      55.4
546.90      54.9
547.00      54.5
547.10      54.2
547.20      54.0
547.30      53.5
547.40      53.0
547.50      52.7
547.60      52.5
547.70      52.0
547.80      51.8
547.90      51.5
548.00      50.8
548.10      50.5
548.20      50.3
548.30      50.1
548.40      49.3
548.50      49.3
548.60      48.8
548.70      48.4
548.80      48.1
548.90      47.9
549.00      47.6
549.10      47.1
549.20      46.9
549.30      46.6
549.40      46.2
549.50      45.9
549.60      45.7
549.70      45.4
549.80      44.9
549.90      44.7
550.00      44.4
550.10      44.0
550.20      43.7
550.30      43.5
550.40      43.2
550.50      42.7
550.60      42.7
550.70      42.5
550.80      42.0
550.90      41.8
551.00      41.5
551.10      41.3
551.20      40.8
551.30      40.8
551.40      40.5
551.50      40.0
551.60      39.8
551.70      39.8
551.80      39.3
551.90      39.1
552.00      38.8
552.10      38.6
552.20      38.3
552.30      38.1
552.40      37.9
552.50      37.6
552.60      37.4
552.70      37.1
552.80      36.9
552.90      36.6
553.00      36.4
553.10      36.4
553.20      35.9
553.30      35.7
553.40      35.4
553.50      35.4
553.60      34.9
553.70      34.7
553.80      34.7
553.90      34.4
554.00      33.9
554.10      33.9
554.20      33.7
554.30      33.5
554.40      33.2
554.50      33.2
554.60      32.7
554.70      32.5
554.80      32.5
554.90      32.2
555.00      31.7
555.10      31.7
555.20      31.5
555.30      31.3
555.40      31.0
555.50      31.0
555.60      30.5
555.70      30.3
555.80      30.0
555.90      30.0
556.00      29.8
556.10      29.5
556.20      29.3
556.30      29.1
556.40      28.8
556.50      28.8
556.60      28.6
556.70      28.1
556.80      28.1
556.90      27.8
557.00      27.6
557.10      27.4
557.20      27.1
557.30      27.1
557.40      26.6
557.50      26.6
557.60      26.4
557.70      26.1
557.80      25.9
557.90      25.9
558.00      25.6
558.10      25.4
558.20      25.2
558.30      25.2
558.40      24.9
558.50      24.7
558.60      24.4
558.70      24.4
558.80      24.2
558.90      23.9
559.00      23.9
559.10      23.7
559.20      23.4
559.30      23.2
559.40      23.2
559.50      23.0
559.60      22.7
559.70      22.7
559.80      22.2
559.90      22.2
560.00      22.0
560.10      22.0
560.20      21.7
560.30      21.5
560.40      21.5
560.50      21.2
560.60      21.0
560.70      21.0
560.80      20.8
560.90      20.8
561.00      20.5
561.10      20.5
561.20      20.3
561.30      20.0
561.40      20.0
561.50      19.8
561.60      19.5
561.70      19.5
561.80      19.3
561.90      19.3
562.00      19.0
562.10      19.0
562.20      18.8
562.30      18.6
562.40      18.6
562.50      18.6
562.60      18.3
562.70      18.1
562.80      18.1
562.90      17.8
563.00      17.8
563.10      17.6
563.20      17.6
563.30      17.3
563.40      17.3
563.50      17.3
563.60      17.1
563.70      17.1
563.80      16.8
563.90      16.8
564.00      16.6
564.10      16.6
564.20      16.6
564.30      16.4
564.40      16.1
564.50      16.1
564.60      16.1
564.70      15.9
564.80      15.9
564.90      15.9
565.00      15.6
565.10      15.6
565.20      15.6
565.30      15.4
565.40      15.1
565.50      15.1
565.60      15.1
565.70      15.1
565.80      14.9
565.90      14.9
566.00      14.7
566.10      14.7
566.20      14.7
566.30      14.7
566.40      14.4
566.50      14.4
566.60      14.4
566.70      14.2
566.80      14.2
566.90      14.2
567.00      13.9
567.10      13.9
567.20      13.9
567.30      13.9
567.40      13.7
567.50      13.7
567.60      13.7
567.70      13.4
567.80      13.4
567.90      13.4
568.00      13.2
568.10      13.2
568.20      13.2
568.30      13.2
568.40      12.9
568.50      12.9
568.60      12.9
568.70      12.9
568.80      12.7
568.90      12.7
569.00      12.7
569.10      12.5
569.20      12.5
569.30      12.5
569.40      12.5
569.50      12.2
569.60      12.2
569.70      12.2
569.80      12.0
569.90      12.0
570.00      12.0
570.10      12.0
570.20      11.7
570.30      11.7
570.40      11.7
570.50      11.7
570.60      11.5
570.70      11.5
570.80      11.5
570.90      11.5
571.00      11.2
571.10      11.2
571.20      11.2
571.30      11.2
571.40      11.2
571.50      11.0
571.60      11.0
571.70      11.0
571.80      11.0
571.90      10.7
572.00      10.7
572.10      10.7
572.20      10.7
572.30      10.5
572.40      10.5
572.50      10.5
572.60      10.5
572.70      10.5
572.80      10.3
572.90      10.3
573.00      10.3
573.10      10.3
573.20      10.0
573.30      10.0
573.40      10.0
573.50      10.0
573.60      10.0
573.70      10.0
573.80      9.8
573.90      9.8
574.00      9.8
574.10      9.8
574.20      9.8
574.30      9.5
574.40      9.5
574.50      9.5
574.60      9.5
574.70      9.5
574.80      9.3
574.90      9.3
575.00      9.3
575.10      9.3
575.20      9.3
575.30      9.3
575.40      9.0
575.50      9.0
575.60      9.0
575.70      9.0
575.80      9.0
575.90      9.0
576.00      9.0
576.10      8.8
576.20      8.8
576.30      8.8
576.40      8.8
576.50      8.8
576.60      8.8
576.70      8.8
576.80      8.5
576.90      8.5
577.00      8.5
577.10      8.5
577.20      8.5
577.30      8.5
577.40      8.5
577.50      8.5
577.60      8.3
577.70      8.3
577.80      8.3
577.90      8.3
578.00      8.3
578.10      8.3
578.20      8.3
578.30      8.3
578.40      8.3
578.50      8.3
578.60      8.1
578.70      8.3
578.80      8.1
578.90      8.1
579.00      8.1
579.10      8.1
579.20      8.1
579.30      8.1
579.40      8.1
579.50      8.1
579.60      8.1
579.70      8.1
579.80      8.1
579.90      8.1
580.00      8.1
580.10      8.1
580.20      7.8
580.30      7.8
580.40      7.8
580.50      8.1
580.60      7.8
580.70      7.8
580.80      7.8
580.90      7.8
581.00      7.8
581.10      7.8
581.20      7.8
581.30      7.8
581.40      7.8
581.50      7.8
581.60      7.8
581.70      7.8
581.80      7.8
581.90      7.8
582.00      7.8
582.10      7.8
582.20      7.8
582.30      7.8
582.40      7.8
582.50      7.8
582.60      7.8
582.70      7.8
582.80      7.8
582.90      7.8
583.00      7.8
583.10      7.8
583.20      7.8
583.30      7.8
583.40      7.8
583.50      7.8
583.60      7.8
583.70      7.8
583.80      7.8
583.90      7.8
584.00      7.8
584.10      7.8
584.20      7.8
584.30      8.1
584.40      7.8
584.50      8.1
584.60      8.1
584.70      8.1
584.80      8.1
584.90      8.1
585.00      8.1
585.10      8.1
585.20      8.1
585.30      8.1
585.40      8.1
585.50      8.1
585.60      8.1
585.70      8.1
585.80      8.1
585.90      8.1
586.00      8.1
586.10      8.1
586.20      8.1
586.30      8.3
586.40      8.3
586.50      8.3
586.60      8.3
586.70      8.3
586.80      8.3
586.90      8.3
587.00      8.3
587.10      8.3
587.20      8.3
587.30      8.5
587.40      8.5
587.50      8.5
587.60      8.5
587.70      8.5
587.80      8.5
587.90      8.5
588.00      8.5
588.10      8.5
588.20      8.5
588.30      8.8
588.40      8.8
588.50      8.8
588.60      8.8
588.70      8.8
588.80      8.8
588.90      9.0
589.00      9.0
589.10      9.0
589.20      9.0
589.30      9.0
589.40      9.0
589.50      9.3
589.60      9.3
589.70      9.3
589.80      9.3
589.90      9.5
590.00      9.5
590.10      9.5
590.20      9.5
590.30      9.5
590.40      9.5
590.50      9.8
590.60      9.8
590.70      9.8
590.80      9.8
590.90      10.0
591.00      10.0
591.10      10.0
591.20      10.0
591.30      10.0
591.40      10.3
591.50      10.3
591.60      10.3
591.70      10.3
591.80      10.5
591.90      10.5
592.00      10.5
592.10      10.7
592.20      10.7
592.30      10.7
592.40      10.7
592.50      11.0
592.60      11.0
592.70      11.0
592.80      11.2
592.90      11.2
593.00      11.2
593.10      11.5
593.20      11.5
593.30      11.5
593.40      11.5
593.50      11.7
593.60      11.7
593.70      12.0
593.80      12.0
593.90      12.2
594.00      12.2
594.10      12.2
594.20      12.2
594.30      12.5
594.40      12.5
594.50      12.7
594.60      12.7
594.70      12.9
594.80      12.9
594.90      12.9
595.00      13.2
595.10      13.2
595.20      13.4
595.30      13.4
595.40      13.4
595.50      13.7
595.60      13.7
595.70      13.9
595.80      13.9
595.90      14.2
596.00      14.2
596.10      14.2
596.20      14.4
596.30      14.4
596.40      14.7
596.50      14.7
596.60      14.7
596.70      14.9
596.80      14.9
596.90      15.1
597.00      15.1
597.10      15.4
597.20      15.4
597.30      15.6
597.40      15.6
597.50      15.9
597.60      15.9
597.70      16.1
597.80      16.1
597.90      16.4
598.00      16.4
598.10      16.6
598.20      16.6
598.30      16.8
598.40      16.8
598.50      17.1
598.60      17.1
598.70      17.3
598.80      17.6
598.90      17.6
599.00      17.6
599.10      17.8
599.20      18.1
599.30      18.1
599.40      18.3
599.50      18.6
599.60      18.6
599.70      18.6
599.80      18.8
599.90      19.0
600.00      19.0
600.10      19.3
600.20      19.5
600.30      19.5
600.40      19.8
600.50      20.0
600.60      20.0
600.70      20.0
600.80      20.3
600.90      20.5
601.00      20.5
601.10      20.8
601.20      21.0
601.30      21.2
601.40      21.2
601.50      21.5
601.60      21.7
601.70      21.7
601.80      22.0
601.90      22.2
602.00      22.2
602.10      22.5
602.20      22.7
602.30      23.0
602.40      23.0
602.50      23.2
602.60      23.4
602.70      23.7
602.80      23.7
602.90      24.2
603.00      24.2
603.10      24.4
603.20      24.7
603.30      24.9
603.40      24.9
603.50      25.2
603.60      25.4
603.70      25.6
603.80      25.9
603.90      26.1
604.00      26.4
604.10      26.6
604.20      26.9
604.30      27.1
604.40      27.4
604.50      27.6
604.60      28.1
604.70      28.3
604.80      28.3
604.90      28.8
605.00      29.1
605.10      29.3
605.20      29.5
605.30      29.8
605.40      30.3
605.50      30.3
605.60      30.8
605.70      31.3
605.80      31.3
605.90      31.7
606.00      32.0
606.10      32.2
606.20      32.5
606.30      33.0
606.40      33.2
606.50      33.5
606.60      33.7
606.70      34.2
606.80      34.4
606.90      34.9
607.00      35.2
607.10      35.7
607.20      35.9
607.30      36.1
607.40      36.6
607.50      37.1
607.60      37.4
607.70      37.9
607.80      38.1
607.90      38.3
608.00      38.8
608.10      39.3
608.20      39.6
608.30      40.0
608.40      40.5
608.50      40.8
608.60      41.0
608.70      41.5
608.80      42.0
608.90      42.5
609.00      42.7
609.10      43.2
609.20      43.7
609.30      44.0
609.40      44.4
609.50      45.2
609.60      45.4
609.70      45.9
609.80      46.4
609.90      46.9
610.00      47.1
610.10      47.9
610.20      48.4
610.30      48.8
610.40      49.3
610.50      49.8
610.60      50.3
610.70      50.8
610.80      51.3
610.90      52.0
611.00      52.3
611.10      52.7
611.20      53.5
611.30      54.0
611.40      54.2
611.50      54.9
611.60      55.4
611.70      55.9
611.80      56.4
611.90      57.1
612.00      57.4
612.10      57.9
612.20      58.4
612.30      59.1
612.40      59.3
612.50      59.8
612.60      60.6
612.70      61.1
612.80      61.5
612.90      62.3
613.00      62.8
613.10      63.0
613.20      63.7
613.30      64.5
613.40      65.0
613.50      65.4
613.60      66.2
613.70      66.9
613.80      67.2
613.90      67.9
614.00      68.6
614.10      69.1
614.20      69.6
614.30      70.3
614.40      71.1
614.50      71.3
614.60      72.0
614.70      73.0
614.80      73.3
614.90      74.0
615.00      74.7
615.10      75.5
615.20      75.7
615.30      76.4
615.40      77.4
615.50      77.7
615.60      78.4
615.70      79.4
615.80      79.9
615.90      80.3
616.00      81.1
616.10      82.1
616.20      82.3
616.30      83.0
616.40      84.0
616.50      84.5
616.60      85.0
616.70      86.0
616.80      86.7
616.90      87.2
617.00      87.9
617.10      88.9
617.20      89.4
617.30      89.9
617.40      90.8
617.50      91.8
617.60      92.1
617.70      93.0
617.80      94.0
617.90      94.5
618.00      95.2
618.10      96.2
618.20      97.2
618.30      97.7
618.40      98.4
618.50      99.6
618.60      100.1
618.70      100.9
618.80      102.1
618.90      102.8
619.00      103.3
619.10      104.5
619.20      105.5
619.30      106.2
619.40      107.0
619.50      108.2
619.60      109.2
619.70      109.9
619.80      110.9
619.90      112.1
620.00      112.8
620.10      113.8
620.20      115.0
620.30      116.0
620.40      116.7
620.50      117.9
620.60      119.2
620.70      119.9
620.80      120.9
620.90      122.3
621.00      123.3
621.10      124.1
621.20      125.5
621.30      127.0
621.40      127.5
621.50      128.7
621.60      130.4
621.70      131.4
621.80      132.1
621.90      133.8
622.00      135.3
622.10      136.0
622.20      137.2
622.30      138.9
622.40      139.9
622.50      140.9
622.60      142.6
622.70      144.1
622.80      144.8
622.90      146.3
623.00      148.0
623.10      149.2
623.20      150.2
623.30      151.9
623.40      153.4
623.50      154.3
623.60      155.8
623.70      157.8
623.80      158.7
623.90      160.0
624.00      162.1
624.10      163.6
624.20      164.6
624.30      166.3
624.40      168.3
624.50      169.2
624.60      170.5
624.70      172.6
624.80      174.1
624.90      175.3
625.00      177.0
625.10      179.2
625.20      180.2
625.30      181.7
625.40      184.1
625.50      185.8
625.60      186.8
625.70      189.0
625.80      191.2
625.90      192.2
626.00      193.7
626.10      196.1
626.20      197.8
626.30      199.3
626.40      201.5
626.50      203.7
626.60      204.9
626.70      206.6
626.80      209.3
626.90      210.7
627.00      212.2
627.10      214.7
627.20      216.8
627.30      218.1
627.40      219.8
627.50      222.5
627.60      223.9
627.70      225.2
627.80      227.4
627.90      229.8
628.00      231.0
628.10      233.2
628.20      235.7
628.30      237.1
628.40      238.6
628.50      241.3
628.60      243.5
628.70      244.7
628.80      246.9
628.90      249.8
629.00      251.3
629.10      252.7
629.20      255.7
629.30      257.9
629.40      259.1
629.50      261.3
629.60      264.2
629.70      265.7
629.80      267.4
629.90      270.6
630.00      272.8
630.10      274.0
630.20      276.4
630.30      279.4
630.40      280.8
630.50      282.5
630.60      286.0
630.70      287.9
630.80      289.1
630.90      291.8
631.00      294.7
631.10      296.0
631.20      297.7
631.30      301.1
631.40      303.1
631.50      304.3
631.60      307.0
631.70      309.9
631.80      310.9
631.90      312.8
632.00      316.0
632.10      318.2
632.20      319.2
632.30      322.1
632.40      324.8
632.50      326.0
632.60      328.0
632.70      331.4
632.80      333.1
632.90      334.3
633.00      337.2
633.10      340.2
633.20      341.1
633.30      343.1
633.40      346.5
633.50      348.2
633.60      349.5
633.70      352.6
633.80      355.3
633.90      356.3
634.00      358.5
634.10      361.7
634.20      363.4
634.30      364.6
634.40      367.8
634.50      370.5
634.60      371.2
634.70      373.4
634.80      376.8
634.90      378.0
635.00      379.2
635.10      382.4
635.20      384.9
635.30      385.6
635.40      387.8
635.50      391.0
635.60      391.9
635.70      392.9
635.80      396.1
635.90      398.5
636.00      398.8
636.10      400.7
636.20      403.7
636.30      404.4
636.40      405.1
636.50      408.1
636.60      409.5
636.70      409.3
636.80      411.2
636.90      413.4
637.00      413.7
637.10      413.7
637.20      416.1
637.30      416.8
637.40      416.1
637.50      417.3
637.60      418.8
637.70      418.1
637.80      417.6
637.90      419.3
638.00      419.0
638.10      417.3
638.20      417.8
638.30      418.6
638.40      416.6
638.50      415.4
638.60      415.9
638.70      414.7
638.80      412.2
638.90      411.7
639.00      411.2
639.10      408.3
639.20      406.1
639.30      405.9
639.40      403.4
639.50      400.0
639.60      398.8
639.70      397.3
639.80      393.4
639.90      390.5
640.00      389.3
640.10      385.8
640.20      381.7
640.30      379.5
640.40      376.8
640.50      372.2
640.60      368.5
640.70      366.3
640.80      361.9
640.90      357.3
641.00      354.3
641.10      350.7
641.20      345.5
641.30      341.6
641.40      338.5
641.50      333.1
641.60      328.0
641.70      324.5
641.80      320.4
641.90      314.5
642.00      310.1
642.10      306.5
642.20      301.6
642.30      296.7
642.40      292.8
642.50      288.6
642.60      283.3
642.70      279.1
642.80      275.7
642.90      270.6
643.00      266.2
643.10      262.8
643.20      258.4
643.30      253.5
643.40      249.6
643.50      245.9
643.60      241.3
643.70      236.9
643.80      233.5
643.90      229.8
644.00      225.2
644.10      222.0
644.20      219.0
644.30      214.9
644.40      211.2
644.50      208.3
644.60      204.9
644.70      200.5
644.80      197.6
644.90      194.6
645.00      191.0
645.10      187.5
645.20      185.1
645.30      181.9
645.40      178.3
645.50      175.6
645.60      173.1
645.70      169.7
645.80      166.8
645.90      164.6
646.00      161.7
646.10      158.2
646.20      156.0
646.30      153.6
646.40      150.7
646.50      148.2
646.60      146.3
646.70      143.6
646.80      140.9
646.90      138.9
647.00      137.0
647.10      134.3
647.20      132.1
647.30      130.4
647.40      128.2
647.50      125.8
647.60      124.1
647.70      122.3
647.80      119.9
647.90      118.2
648.00      116.7
648.10      114.5
648.20      112.6
648.30      111.1
648.40      109.4
648.50      107.4
648.60      105.7
648.70      104.5
648.80      102.6
648.90      100.9
649.00      99.6
649.10      97.9
649.20      96.2
649.30      94.7
649.40      93.5
649.50      91.8
649.60      90.1
649.70      89.1
649.80      87.7
649.90      86.0
650.00      84.7
650.10      83.5
650.20      81.8
650.30      80.3
650.40      79.4
650.50      78.1
650.60      76.4
650.70      75.5
650.80      74.2
650.90      72.8
651.00      71.6
651.10      70.6
651.20      69.4
651.30      67.9
651.40      66.9
651.50      65.9
651.60      64.5
651.70      63.2
651.80      62.5
651.90      61.3
652.00      59.8
652.10      59.1
652.20      57.9
652.30      56.7
652.40      55.7
652.50      54.9
652.60      53.7
652.70      52.5
652.80      51.8
652.90      50.8
653.00      49.8
653.10      48.8
653.20      48.1
653.30      47.1
653.40      46.2
653.50      45.4
653.60      44.7
653.70      43.7
653.80      43.0
653.90      42.2
654.00      41.3
654.10      40.5
654.20      39.8
654.30      39.3
654.40      38.3
654.50      37.9
654.60      37.1
654.70      36.4
654.80      35.7
654.90      35.2
655.00      34.4
655.10      33.7
655.20      33.2
655.30      32.7
655.40      32.0
655.50      31.5
655.60      31.0
655.70      30.3
655.80      29.8
655.90      29.3
656.00      28.8
656.10      28.1
656.20      27.6
656.30      27.4
656.40      26.6
656.50      26.1
656.60      25.6
656.70      25.4
656.80      24.7
656.90      24.4
657.00      23.9
657.10      23.4
657.20      23.0
657.30      22.7
657.40      22.2
657.50      21.7
657.60      21.2
657.70      21.0
657.80      20.5
657.90      20.3
658.00      19.8
658.10      19.5
658.20      19.0
658.30      18.8
658.40      18.6
658.50      18.1
658.60      17.8
658.70      17.6
658.80      17.3
658.90      16.8
659.00      16.6
659.10      16.4
659.20      16.1
659.30      15.9
659.40      15.6
659.50      15.4
659.60      15.1
659.70      14.9
659.80      14.7
659.90      14.4
660.00      14.2
660.10      13.9
660.20      13.7
660.30      13.4
660.40      13.2
660.50      13.2
660.60      12.9
660.70      12.7
660.80      12.5
660.90      12.5
661.00      12.2
661.10      12.0
661.20      11.7
661.30      11.7
661.40      11.5
661.50      11.2
661.60      11.2
661.70      11.0
661.80      10.7
661.90      10.7
662.00      10.5
662.10      10.5
662.20      10.3
662.30      10.3
662.40      10.0
662.50      10.0
662.60      9.8
662.70      9.5
662.80      9.5
662.90      9.5
663.00      9.3
663.10      9.0
663.20      9.0
663.30      9.0
663.40      8.8
663.50      8.5
663.60      8.5
663.70      8.5
663.80      8.3
663.90      8.3
664.00      8.1
664.10      8.1
664.20      7.8
664.30      7.8
664.40      7.8
664.50      7.6
664.60      7.6
664.70      7.6
664.80      7.3
664.90      7.3
665.00      7.1
665.10      7.1
665.20      7.1
665.30      6.8
665.40      6.8
665.50      6.8
665.60      6.6
665.70      6.6
665.80      6.6
665.90      6.3
666.00      6.3
666.10      6.3
666.20      6.1
666.30      6.1
666.40      6.1
666.50      6.1
666.60      5.9
666.70      5.9
666.80      5.9
666.90      5.9
667.00      5.6
667.10      5.6
667.20      5.6
667.30      5.6
667.40      5.4
667.50      5.4
667.60      5.4
667.70      5.4
667.80      5.1
667.90      5.1
668.00      5.1
668.10      5.1
668.20      4.9
668.30      4.9
668.40      4.9
668.50      4.9
668.60      4.6
668.70      4.6
668.80      4.6
668.90      4.6
669.00      4.4
669.10      4.4
669.20      4.4
669.30      4.4
669.40      4.4
669.50      4.2
669.60      4.2
669.70      4.2
669.80      4.2
669.90      4.2
670.00      3.9
670.10      3.9
670.20      3.9
670.30      3.9
670.40      3.9
670.50      3.9
670.60      3.7
670.70      3.7
670.80      3.7
670.90      3.7
671.00      3.7
671.10      3.7
671.20      3.4
671.30      3.4
671.40      3.4
671.50      3.4
671.60      3.4
671.70      3.4
671.80      3.2
671.90      3.2
672.00      3.2
672.10      3.2
672.20      3.2
672.30      3.2
672.40      3.2
672.50      3.2
672.60      2.9
672.70      2.9
672.80      2.9
672.90      2.9
673.00      2.9
673.10      2.9
673.20      2.9
673.30      2.9
673.40      2.7
673.50      2.7
673.60      2.7
673.70      2.7
673.80      2.7
673.90      2.7
674.00      2.7
674.10      2.7
674.20      2.7
674.30      2.7
674.40      2.4
674.50      2.7
674.60      2.4
674.70      2.4
674.80      2.4
674.90      2.4
675.00      2.4
675.10      2.4
675.20      2.4
675.30      2.4
675.40      2.4
675.50      2.4
675.60      2.4
675.70      2.4
675.80      2.4
675.90      2.4
676.00      2.2
676.10      2.4
676.20      2.2
676.30      2.4
676.40      2.2
676.50      2.2
676.60      2.2
676.70      2.2
676.80      2.2
676.90      2.2
677.00      2.2
677.10      2.2
677.20      2.2
677.30      2.2
677.40      2.2
677.50      2.2
677.60      2.2
677.70      2.2
677.80      2.2
677.90      2.2
678.00      2.2
678.10      2.2
678.20      2.2
678.30      2.2
678.40      2.0
678.50      2.2
678.60      2.0
678.70      2.2
678.80      2.0
678.90      2.0
679.00      2.0
679.10      2.0
679.20      2.0
679.30      2.0
679.40      2.0
679.50      2.0
679.60      2.0
679.70      2.0
679.80      2.0
679.90      2.0
680.00      2.0
680.10      2.0
680.20      2.0
680.30      2.0
680.40      2.0
680.50      2.0
680.60      2.0
680.70      2.0
680.80      2.0
680.90      2.0
681.00      2.0
681.10      2.0
681.20      2.0
681.30      2.0
681.40      2.0
681.50      2.0
681.60      2.0
681.70      2.0
681.80      2.0
681.90      2.0
682.00      2.0
682.10      2.0
682.20      1.7
682.30      2.0
682.40      1.7
682.50      2.0
682.60      1.7
682.70      2.0
682.80      1.7
682.90      2.0
683.00      1.7
683.10      1.7
683.20      1.7
683.30      1.7
683.40      1.7
683.50      1.7
683.60      1.7
683.70      1.7
683.80      1.7
683.90      1.7
684.00      1.7
684.10      1.7
684.20      1.7
684.30      1.7
684.40      1.7
684.50      1.7
684.60      1.7
684.70      1.7
684.80      1.7
684.90      1.7
685.00      1.7
685.10      1.7
685.20      1.7
685.30      1.7
685.40      1.7
685.50      1.7
685.60      1.7
685.70      1.7
685.80      1.7
685.90      1.7
686.00      1.7
686.10      1.7
686.20      1.7
686.30      1.7
686.40      1.7
686.50      1.7
686.60      1.7
686.70      1.7
686.80      1.7
686.90      1.7
687.00      1.7
687.10      1.7
687.20      1.7
687.30      1.7
687.40      1.7
687.50      1.7
687.60      1.7
687.70      1.7
687.80      1.7
687.90      1.7
688.00      1.7
688.10      1.7
688.20      1.7
688.30      1.7
688.40      1.7
688.50      1.7
688.60      1.7
688.70      1.7
688.80      1.7
688.90      1.7
689.00      1.7
689.10      1.7
689.20      1.7
689.30      1.7
689.40      1.5
689.50      1.7
689.60      1.7
689.70      1.7
689.80      1.5
689.90      1.7
690.00      1.5
690.10      1.7
690.20      1.5
690.30      1.7
690.40      1.5
690.50      1.7
690.60      1.5
690.70      1.7
690.80      1.5
690.90      1.7
691.00      1.5
691.10      1.5
691.20      1.5
691.30      1.7
691.40      1.5
691.50      1.7
691.60      1.5
691.70      1.5
691.80      1.5
691.90      1.7
692.00      1.5
692.10      1.7
692.20      1.5
692.30      1.7
692.40      1.5
692.50      1.5
692.60      1.5
692.70      1.5
692.80      1.5
692.90      1.5
693.00      1.5
693.10      1.5
693.20      1.5
693.30      1.5
693.40      1.5
693.50      1.5
693.60      1.5
693.70      1.5
693.80      1.5
693.90      1.5
694.00      1.5
694.10      1.5
694.20      1.5
694.30      1.5
694.40      1.5
694.50      1.5
694.60      1.5
694.70      1.5
694.80      1.5
694.90      1.5
695.00      1.5
695.10      1.5
695.20      1.5
695.30      1.5
695.40      1.5
695.50      1.5
695.60      1.5
695.70      1.5
695.80      1.5
695.90      1.5
696.00      1.5
696.10      1.5
696.20      1.5
696.30      1.5
696.40      1.5
696.50      1.5
696.60      1.5
696.70      1.5
696.80      1.5
696.90      1.5
697.00      1.5
697.10      1.5
697.20      1.5
697.30      1.5
697.40      1.5
697.50      1.5
697.60      1.5
697.70      1.5
697.80      1.5
697.90      1.5
698.00      1.5
698.10      1.5
698.20      1.5
698.30      1.5
698.40      1.5
698.50      1.5
698.60      1.5
698.70      1.5
698.80      1.5
698.90      1.5
699.00      1.5
699.10      1.5
699.20      1.5
699.30      1.5
699.40      1.5
699.50      1.5
699.60      1.5
699.70      1.5
699.80      1.5
699.90      1.5
700.00      1.5
700.10      1.5
700.20      1.5
700.30      1.5
700.40      1.5
700.50      1.5
700.60      1.5
700.70      1.5
700.80      1.5
700.90      1.5
701.00      1.5
701.10      1.5
701.20      1.5
701.30      1.5
701.40      1.5
701.50      1.5
701.60      1.5
701.70      1.5
701.80      1.5
701.90      1.5
702.00      1.5
702.10      1.5
702.20      1.5
702.30      1.5
702.40      1.5
702.50      1.5
702.60      1.5
702.70      1.5
702.80      1.5
702.90      1.5
703.00      1.5
703.10      1.5
703.20      1.5
703.30      1.5
703.40      1.5
703.50      1.5
703.60      1.5
703.70      1.5
703.80      1.5
703.90      1.5
704.00      1.5
704.10      1.5
704.20      1.5
704.30      1.5
704.40      1.5
704.50      1.5
704.60      1.5
704.70      1.5
704.80      1.5
704.90      1.5
705.00      1.5
705.10      1.5
705.20      1.5
705.30      1.5
705.40      1.5
705.50      1.5
705.60      1.5
705.70      1.5
705.80      1.5
705.90      1.5
706.00      1.5
706.10      1.5
706.20      1.5
706.30      1.5
706.40      1.5
706.50      1.5
706.60      1.5
706.70      1.5
706.80      1.5
706.90      1.5
707.00      1.5
707.10      1.5
707.20      1.5
707.30      1.5
707.40      1.5
707.50      1.5
707.60      1.5
707.70      1.5
707.80      1.5
707.90      1.5
708.00      1.5
708.10      1.5
708.20      1.5
708.30      1.5
708.40      1.5
708.50      1.5
708.60      1.5
708.70      1.5
708.80      1.5
708.90      1.5
709.00      1.5
709.10      1.5
709.20      1.5
709.30      1.5
709.40      1.5
709.50      1.5
709.60      1.5
709.70      1.5
709.80      1.5
709.90      1.5
710.00      1.5
710.10      1.5
710.20      1.5
710.30      1.5
710.40      1.5
710.50      1.5
710.60      1.5
710.70      1.5
710.80      1.5
710.90      1.5
711.00      1.5
711.10      1.5
711.20      1.5
711.30      1.5
711.40      1.5
711.50      1.5
711.60      1.5
711.70      1.5
711.80      1.5
711.90      1.5
712.00      1.5
712.10      1.5
712.20      1.5
712.30      1.5
712.40      1.5
712.50      1.5
712.60      1.5
712.70      1.5
712.80      1.5
712.90      1.5
713.00      1.5
713.10      1.5
713.20      1.5
713.30      1.5
713.40      1.5
713.50      1.5
713.60      1.5
713.70      1.5
713.80      1.5
713.90      1.5
714.00      1.5
714.10      1.5
714.20      1.5
714.30      1.5
714.40      1.5
714.50      1.5
714.60      1.5
714.70      1.5
714.80      1.5
714.90      1.5
715.00      1.5
715.10      1.5
715.20      1.5
715.30      1.5
715.40      1.5
715.50      1.5
715.60      1.5
715.70      1.5
715.80      1.5
715.90      1.5
716.00      1.5
716.10      1.5
716.20      1.5
716.30      1.5
716.40      1.5
716.50      1.5
716.60      1.5
716.70      1.5
716.80      1.5
716.90      1.5
717.00      1.5
717.10      1.5
717.20      1.5
717.30      1.5
717.40      1.5
717.50      1.5
717.60      1.5
717.70      1.5
717.80      1.5
717.90      1.5
718.00      1.5
718.10      1.5
718.20      1.5
718.30      1.5
718.40      1.5
718.50      1.5
718.60      1.5
718.70      1.5
718.80      1.5
718.90      1.5
719.00      1.5
719.10      1.5
719.20      1.5
719.30      1.5
719.40      1.5
719.50      1.5
719.60      1.5
719.70      1.5
719.80      1.5
719.90      1.5
720.00      1.5
720.10      1.5
720.20      1.5
720.30      1.5
720.40      1.5
720.50      1.5
720.60      1.5
720.70      1.5
720.80      1.5
720.90      1.5
721.00      1.5
721.10      1.5
721.20      1.5
721.30      1.5
721.40      1.5
721.50      1.5
721.60      1.5
721.70      1.5
721.80      1.5
721.90      1.5
722.00      1.5
722.10      1.5
722.20      1.5
722.30      1.5
722.40      1.5
722.50      1.5
722.60      1.5
722.70      1.5
722.80      1.5
722.90      1.5
723.00      1.5
723.10      1.5
723.20      1.5
723.30      1.5
723.40      1.5
723.50      1.5
723.60      1.5
723.70      1.5
723.80      1.5
723.90      1.5
724.00      1.5
724.10      1.5
724.20      1.5
724.30      1.5
724.40      1.5
724.50      1.5
724.60      1.5
724.70      1.5
724.80      1.5
724.90      1.5
725.00      1.5
725.10      1.5
725.20      1.5
725.30      1.5
725.40      1.5
725.50      1.5
725.60      1.5
725.70      1.5
725.80      1.5
725.90      1.5
726.00      1.5
726.10      1.5
726.20      1.5
726.30      1.5
726.40      1.5
726.50      1.5
726.60      1.5
726.70      1.5
726.80      1.5
726.90      1.5
727.00      1.5
727.10      1.5
727.20      1.5
727.30      1.5
727.40      1.5
727.50      1.5
727.60      1.5
727.70      1.5
727.80      1.5
727.90      1.5
728.00      1.5
728.10      1.5
728.20      1.5
728.30      1.5
728.40      1.5
728.50      1.5
728.60      1.5
728.70      1.5
728.80      1.5
728.90      1.5
729.00      1.5
729.10      1.5
729.20      1.5
729.30      1.5
729.40      1.5
729.50      1.5
729.60      1.5
729.70      1.5
729.80      1.5
729.90      1.5
730.00      1.5
730.10      1.5
730.20      1.5
730.30      1.5
730.40      1.5
730.50      1.5
730.60      1.5
730.70      1.5
730.80      1.5
730.90      1.5
731.00      1.5
731.10      1.5
731.20      1.5
731.30      1.5
731.40      1.5
731.50      1.5
731.60      1.5
731.70      1.5
731.80      1.5
731.90      1.5
732.00      1.5
732.10      1.5
732.20      1.5
732.30      1.5
732.40      1.5
732.50      1.5
732.60      1.5
732.70      1.5
732.80      1.5
732.90      1.5
733.00      1.5
733.10      1.5
733.20      1.5
733.30      1.5
733.40      1.5
733.50      1.5
733.60      1.5
733.70      1.5
733.80      1.5
733.90      1.5
734.00      1.5
734.10      1.5
734.20      1.5
734.30      1.5
734.40      1.5
734.50      1.5
734.60      1.5
734.70      1.5
734.80      1.5
734.90      1.5
735.00      1.5
735.10      1.5
735.20      1.5
735.30      1.5
735.40      1.5
735.50      1.5
735.60      1.5
735.70      1.5
735.80      1.5
735.90      1.5
736.00      1.5
736.10      1.5
736.20      1.5
736.30      1.5
736.40      1.5
736.50      1.5
736.60      1.5
736.70      1.5
736.80      1.5
736.90      1.5
737.00      1.5
737.10      1.5
737.20      1.5
737.30      1.5
737.40      1.5
737.50      1.5
737.60      1.5
737.70      1.5
737.80      1.5
737.90      1.5
738.00      1.5
738.10      1.5
738.20      1.5
738.30      1.5
738.40      1.5
738.50      1.5
738.60      1.5
738.70      1.5
738.80      1.5
738.90      1.5
739.00      1.5
739.10      1.5
739.20      1.5
739.30      1.5
739.40      1.5
739.50      1.5
739.60      1.5
739.70      1.5
739.80      1.5
739.90      1.5
740.00      1.5
740.10      1.5
740.20      1.5
740.30      1.5
740.40      1.5
740.50      1.5
740.60      1.5
740.70      1.5
740.80      1.5
740.90      1.5
741.00      1.5
741.10      1.5
741.20      1.5
741.30      1.5
741.40      1.5
741.50      1.5
741.60      1.5
741.70      1.5
741.80      1.5
741.90      1.5
742.00      1.5
742.10      1.5
742.20      1.5
742.30      1.5
742.40      1.5
742.50      1.5
742.60      1.5
742.70      1.5
742.80      1.5
742.90      1.5
743.00      1.5
743.10      1.5
743.20      1.5
743.30      1.5
743.40      1.5
743.50      1.5
743.60      1.5
743.70      1.5
743.80      1.5
743.90      1.5
744.00      1.5
744.10      1.5
744.20      1.5
744.30      1.5
744.40      1.5
744.50      1.5
744.60      1.5
744.70      1.5
744.80      1.5
744.90      1.5
745.00      1.5
745.10      1.5
745.20      1.5
745.30      1.5
745.40      1.5
745.50      1.5
745.60      1.5
745.70      1.5
745.80      1.5
745.90      1.5
746.00      1.5
746.10      1.5
746.20      1.5
746.30      1.5
746.40      1.5
746.50      1.5
746.60      1.5
746.70      1.5
746.80      1.5
746.90      1.5
747.00      1.5
747.10      1.5
747.20      1.5
747.30      1.5
747.40      1.5
747.50      1.5
747.60      1.5
747.70      1.5
747.80      1.5
747.90      1.5
748.00      1.5
748.10      1.5
748.20      1.5
748.30      1.5
748.40      1.5
748.50      1.5
748.60      1.5
748.70      1.5
748.80      1.5
748.90      1.5
749.00      1.5
749.10      1.5
749.20      1.5
749.30      1.5
749.40      1.5
749.50      1.5
749.60      1.5
749.70      1.5
749.80      1.5
749.90      1.5
750.00      1.5
750.10      1.5
750.20      1.5
750.30      1.5
750.40      1.5
750.50      1.5
750.60      1.5
750.70      1.5
750.80      1.5
750.90      1.5
751.00      1.5
751.10      1.5
751.20      1.5
751.30      1.5
751.40      1.5
751.50      1.5
751.60      1.5
751.70      1.5
751.80      1.5
751.90      1.5
752.00      1.5
752.10      1.5
752.20      1.5
752.30      1.5
752.40      1.5
752.50      1.5
752.60      1.5
752.70      1.5
752.80      1.5
752.90      1.5
753.00      1.5
753.10      1.5
753.20      1.5
753.30      1.5
753.40      1.5
753.50      1.5
753.60      1.5
753.70      1.5
753.80      1.5
753.90      1.5
754.00      1.5
754.10      1.5
754.20      1.5
754.30      1.5
754.40      1.5
754.50      1.5
754.60      1.2
754.70      1.5
754.80      1.2
754.90      1.5
755.00      1.5
755.10      1.5
755.20      1.5
755.30      1.5
755.40      1.2
755.50      1.5
755.60      1.2
755.70      1.5
755.80      1.5
755.90      1.5
756.00      1.2
756.10      1.5
756.20      1.2
756.30      1.5
756.40      1.2
756.50      1.5
756.60      1.5
756.70      1.5
756.80      1.5
756.90      1.5
757.00      1.2
757.10      1.5
757.20      1.2
757.30      1.5
757.40      1.2
757.50      1.5
757.60      1.2
757.70      1.5
757.80      1.2
757.90      1.5
758.00      1.2
758.10      1.5
758.20      1.2
758.30      1.5
758.40      1.2
758.50      1.5
758.60      1.2
758.70      1.5
758.80      1.2
758.90      1.5
759.00      1.2
759.10      1.5
759.20      1.2
759.30      1.5
759.40      1.2
759.50      1.2
759.60      1.2
759.70      1.5
759.80      1.2
759.90      1.5
760.00      1.2
760.10      1.5
760.20      1.2
760.30      1.5
760.40      1.2
760.50      1.5
760.60      1.2
760.70      1.5
760.80      1.2
760.90      1.5
761.00      1.2
761.10      1.5
761.20      1.2
761.30      1.5
761.40      1.2
761.50      1.5
761.60      1.2
761.70      1.5
761.80      1.2
761.90      1.2
762.00      1.2
762.10      1.5
762.20      1.2
762.30      1.5
762.40      1.2
762.50      1.2
762.60      1.2
762.70      1.2
762.80      1.2
762.90      1.5
763.00      1.2
763.10      1.5
763.20      1.2
763.30      1.2
763.40      1.2
763.50      1.2
763.60      1.2
763.70      1.5
763.80      1.2
763.90      1.5
764.00      1.2
764.10      1.2
764.20      1.2
764.30      1.2
764.40      1.2
764.50      1.5
764.60      1.2
764.70      1.2
764.80      1.2
764.90      1.2
765.00      1.2
765.10      1.2
765.20      1.2
765.30      1.5
765.40      1.2
765.50      1.5
765.60      1.2
765.70      1.2
765.80      1.2
765.90      1.2
766.00      1.2
766.10      1.2
766.20      1.2
766.30      1.2
766.40      1.2
766.50      1.2
766.60      1.2
766.70      1.2
766.80      1.2
766.90      1.2
767.00      1.2
767.10      1.5
767.20      1.2
767.30      1.2
767.40      1.2
767.50      1.2
767.60      1.2
767.70      1.5
767.80      1.2
767.90      1.2
768.00      1.2
768.10      1.2
768.20      1.2
768.30      1.2
768.40      1.2
768.50      1.5
768.60      1.2
768.70      1.2
768.80      1.2
768.90      1.2
769.00      1.2
769.10      1.2
769.20      1.2
769.30      1.2
769.40      1.2
769.50      1.2
769.60      1.2
769.70      1.2
769.80      1.2
769.90      1.2
770.00      1.2
770.10      1.2
770.20      1.2
770.30      1.2
770.40      1.2
770.50      1.2
770.60      1.2
770.70      1.5
770.80      1.2
770.90      1.5
771.00      1.2
771.10      1.2
771.20      1.2
771.30      1.2
771.40      1.2
771.50      1.2
771.60      1.2
771.70      1.2
771.80      1.2
771.90      1.2
772.00      1.2
772.10      1.2
772.20      1.2
772.30      1.2
772.40      1.2
772.50      1.2
772.60      1.2
772.70      1.2
772.80      1.2
772.90      1.2
773.00      1.2
773.10      1.2
773.20      1.2
773.30      1.2
773.40      1.2
773.50      1.2
773.60      1.2
773.70      1.2
773.80      1.2
773.90      1.2
774.00      1.2
774.10      1.2
774.20      1.2
774.30      1.2
774.40      1.2
774.50      1.2
774.60      1.2
774.70      1.2
774.80      1.2
774.90      1.2
775.00      1.2
775.10      1.2
775.20      1.2
775.30      1.2
775.40      1.2
775.50      1.2
775.60      1.2
775.70      1.2
775.80      1.2
775.90      1.2
776.00      1.2
776.10      1.2
776.20      1.2
776.30      1.2
776.40      1.2
776.50      1.2
776.60      1.2
776.70      1.2
776.80      1.2
776.90      1.2
777.00      1.2
777.10      1.2
777.20      1.2
777.30      1.2
777.40      1.2
777.50      1.2
777.60      1.2
777.70      1.2
777.80      1.2
777.90      1.2
778.00      1.2
778.10      1.2
778.20      1.2
778.30      1.2
778.40      1.2
778.50      1.2
778.60      1.2
778.70      1.2
778.80      1.2
778.90      1.2
779.00      1.2
779.10      1.2
779.20      1.2
779.30      1.2
779.40      1.2
779.50      1.2
779.60      1.2
779.70      1.2
779.80      1.2
779.90      1.2
780.00      1.2
780.10      1.2
780.20      1.2
780.30      1.2
780.40      1.2
780.50      1.2
780.60      1.2
780.70      1.2
780.80      1.2
780.90      1.2
781.00      1.2
781.10      1.2
781.20      1.2
781.30      1.2
781.40      1.2
781.50      1.2
781.60      1.2
781.70      1.2
781.80      1.2
781.90      1.2
782.00      1.2
782.10      1.2
782.20      1.2
782.30      1.2
782.40      1.2
782.50      1.2
782.60      1.2
782.70      1.2
782.80      1.2
782.90      1.2
783.00      1.2
783.10      1.2
783.20      1.2
783.30      1.2
783.40      1.2
783.50      1.2
783.60      1.2
783.70      1.2
783.80      1.2
783.90      1.2
784.00      1.2
784.10      1.2
784.20      1.2
784.30      1.2
784.40      1.2
784.50      1.2
784.60      1.2
784.70      1.2
784.80      1.2
784.90      1.2
785.00      1.2
785.10      1.2
785.20      1.2
785.30      1.2
785.40      1.2
785.50      1.2
785.60      1.2
785.70      1.2
785.80      1.2
785.90      1.2
786.00      1.2
786.10      1.2
786.20      1.2
786.30      1.2
786.40      1.2
786.50      1.2
786.60      1.2
786.70      1.2
786.80      1.2
786.90      1.2
787.00      1.2
787.10      1.2
787.20      1.2
787.30      1.2
787.40      1.2
787.50      1.2
787.60      1.2
787.70      1.2
787.80      1.2
787.90      1.2
788.00      1.2
788.10      1.2
788.20      1.2
788.30      1.2
788.40      1.2
788.50      1.2
788.60      1.2
788.70      1.2
788.80      1.2
788.90      1.2
789.00      1.2
789.10      1.2
789.20      1.2
789.30      1.2
789.40      1.2
789.50      1.2
789.60      1.2
789.70      1.2
789.80      1.2
789.90      1.2
790.00      1.2
790.10      1.2
790.20      1.2
790.30      1.2
790.40      1.2
790.50      1.2
790.60      1.2
790.70      1.2
790.80      1.2
790.90      1.2
791.00      1.2
791.10      1.2
791.20      1.2
791.30      1.2
791.40      1.2
791.50      1.2
791.60      1.2
791.70      1.2
791.80      1.2
791.90      1.2
792.00      1.2
792.10      1.2
792.20      1.2
792.30      1.2
792.40      1.2
792.50      1.2
792.60      1.2
792.70      1.2
792.80      1.2
792.90      1.2
793.00      1.2
793.10      1.2
793.20      1.2
793.30      1.2
793.40      1.2
793.50      1.2
793.60      1.2
793.70      1.2
793.80      1.2
793.90      1.2
794.00      1.2
794.10      1.2
794.20      1.2
794.30      1.2
794.40      1.2
794.50      1.2
794.60      1.2
794.70      1.2
794.80      1.2
794.90      1.2
795.00      1.2
795.10      1.2
795.20      1.2
795.30      1.2
795.40      1.2
795.50      1.2
795.60      1.2
795.70      1.2
795.80      1.2
795.90      1.2
796.00      1.2
796.10      1.2
796.20      1.2
796.30      1.2
796.40      1.2
796.50      1.2
796.60      1.2
796.70      1.2
796.80      1.2
796.90      1.2
797.00      1.2
797.10      1.2
797.20      1.2
797.30      1.2
797.40      1.2
797.50      1.2
797.60      1.2
797.70      1.2
797.80      1.2
797.90      1.2
798.00      1.2
798.10      1.2
798.20      1.2
798.30      1.2
798.40      1.2
798.50      1.2
798.60      1.2
798.70      1.2
798.80      1.2
798.90      1.2
799.00      1.2
799.10      1.2
799.20      1.2
799.30      1.2
799.40      1.2
799.50      1.2
799.60      1.2
799.70      1.2
799.80      1.2
799.90      1.2
800.00      1.2
