400.00      3.7
400.20      3.7
400.40      3.7
400.60      3.7
400.80      3.7
401.00      3.7
401.20      3.7
401.40      3.7
401.60      3.7
401.80      3.7
402.00      3.7
402.20      3.7
402.40      3.7
402.60      3.7
402.80      3.7
403.00      3.7
403.20      3.7
403.40      3.7
403.60      3.7
403.80      4.2
404.00      5.4
404.20      6.3
404.40      6.8
404.60      6.3
404.80      4.9
405.00      3.9
405.20      3.7
405.40      3.7
405.60      3.7
405.80      3.9
406.00      3.9
406.20      4.2
406.40      4.2
406.60      4.2
406.80      3.9
407.00      3.9
407.20      3.9
407.40      3.9
407.60      3.9
407.80      3.7
408.00      3.7
408.20      3.7
408.40      3.7
408.60      3.4
408.80      3.4
409.00      3.4
409.20      3.7
409.40      4.9
409.60      6.3
409.80      7.1
410.00      6.6
410.20      5.1
410.40      3.9
410.60      3.4
410.80      3.4
411.00      3.4
411.20      3.4
411.40      3.2
411.60      3.2
411.80      3.2
412.00      3.2
412.20      3.2
412.40      3.2
412.60      3.4
412.80      3.4
413.00      3.4
413.20      3.4
413.40      3.2
413.60      3.2
413.80      3.2
414.00      3.2
414.20      3.2
414.40      3.2
414.60      3.2
414.80      3.2
415.00      3.2
415.20      3.4
415.40      3.4
415.60      3.4
415.80      3.4
416.00      3.4
416.20      3.4
416.40      3.4
416.60      3.4
416.80      3.4
417.00      3.7
417.20      3.7
417.40      3.9
417.60      3.9
417.80      3.7
418.00      3.4
418.20      3.2
418.40      3.2
418.60      3.2
418.80      3.2
419.00      3.2
419.20      3.2
419.40      3.2
419.60      3.4
419.80      3.4
420.00      3.4
420.20      3.4
420.40      3.4
420.60      3.4
420.80      3.4
421.00      3.4
421.20      3.4
421.40      3.2
421.60      3.2
421.80      3.2
422.00      3.2
422.20      3.2
422.40      3.2
422.60      3.2
422.80      3.2
423.00      3.2
423.20      3.2
423.40      3.2
423.60      3.2
423.80      2.9
424.00      2.9
424.20      2.9
424.40      2.9
424.60      2.9
424.80      3.2
425.00      3.2
425.20      2.9
425.40      2.9
425.60      2.9
425.80      2.9
426.00      2.9
426.20      2.9
426.40      2.9
426.60      2.9
426.80      2.9
427.00      2.9
427.20      2.9
427.40      2.9
427.60      2.9
427.80      2.9
428.00      2.9
428.20      2.9
428.40      2.9
428.60      2.9
428.80      3.2
429.00      3.2
429.20      3.2
429.40      3.2
429.60      3.2
429.80      3.2
430.00      3.2
430.20      3.2
430.40      3.2
430.60      3.2
430.80      3.2
431.00      3.2
431.20      2.9
431.40      2.9
431.60      2.9
431.80      2.9
432.00      2.9
432.20      3.2
432.40      3.2
432.60      3.2
432.80      3.2
433.00      3.2
433.20      6.3
433.40      12.9
433.60      18.6
433.80      19.8
434.00      15.9
434.20      8.8
434.40      4.6
434.60      3.7
434.80      3.4
435.00      4.4
435.20      6.8
435.40      8.8
435.60      9.5
435.80      8.1
436.00      5.1
436.20      3.7
436.40      3.4
436.60      3.2
436.80      3.2
437.00      3.2
437.20      3.2
437.40      3.2
437.60      3.2
437.80      3.2
438.00      3.2
438.20      3.2
438.40      3.2
438.60      3.4
438.80      3.4
439.00      3.4
439.20      3.4
439.40      3.2
439.60      3.2
439.80      3.4
440.00      3.4
440.20      3.4
440.40      3.4
440.60      3.7
440.80      3.9
441.00      3.9
441.20      4.2
441.40      3.9
441.60      3.9
441.80      3.7
442.00      3.7
442.20      3.7
442.40      3.7
442.60      3.4
442.80      3.4
443.00      3.4
443.20      3.4
443.40      3.4
443.60      3.4
443.80      3.7
444.00      3.9
444.20      3.9
444.40      3.9
444.60      3.9
444.80      3.9
445.00      3.9
445.20      3.9
445.40      4.2
445.60      4.2
445.80      3.9
446.00      3.9
446.20      3.7
446.40      3.7
446.60      3.7
446.80      3.7
447.00      3.7
447.20      3.7
447.40      3.7
447.60      3.7
447.80      3.7
448.00      3.9
448.20      3.9
448.40      4.2
448.60      4.2
448.80      4.2
449.00      3.9
449.20      4.2
449.40      4.2
449.60      4.2
449.80      4.2
450.00      3.9
450.20      3.7
450.40      3.7
450.60      3.7
450.80      3.7
451.00      3.7
451.20      3.7
451.40      3.7
451.60      3.7
451.80      3.7
452.00      3.9
452.20      3.7
452.40      3.7
452.60      3.7
452.80      3.7
453.00      3.9
453.20      3.9
453.40      3.9
453.60      3.7
453.80      3.7
454.00      3.7
454.20      3.4
454.40      3.4
454.60      3.7
454.80      3.7
455.00      3.7
455.20      3.7
455.40      3.7
455.60      3.7
455.80      3.7
456.00      3.7
456.20      3.7
456.40      3.7
456.60      3.9
456.80      3.9
457.00      3.9
457.20      3.9
457.40      4.2
457.60      4.2
457.80      3.9
458.00      3.7
458.20      3.4
458.40      3.2
458.60      3.2
458.80      3.2
459.00      3.2
459.20      3.2
459.40      3.2
459.60      3.2
459.80      2.9
460.00      3.2
460.20      3.2
460.40      3.2
460.60      2.9
460.80      2.9
461.00      3.2
461.20      3.2
461.40      3.2
461.60      3.2
461.80      3.2
462.00      3.2
462.20      3.4
462.40      3.7
462.60      3.9
462.80      4.4
463.00      4.4
463.20      4.2
463.40      3.7
463.60      3.2
463.80      2.9
464.00      2.9
464.20      2.9
464.40      2.9
464.60      2.9
464.80      2.9
465.00      2.9
465.20      2.9
465.40      2.9
465.60      2.9
465.80      2.9
466.00      2.9
466.20      2.9
466.40      2.9
466.60      2.9
466.80      2.9
467.00      2.9
467.20      2.9
467.40      2.9
467.60      2.9
467.80      2.9
468.00      2.9
468.20      3.2
468.40      2.9
468.60      2.9
468.80      2.7
469.00      2.7
469.20      2.7
469.40      2.7
469.60      2.7
469.80      2.7
470.00      2.7
470.20      2.7
470.40      2.7
470.60      2.7
470.80      2.7
471.00      2.7
471.20      2.7
471.40      2.7
471.60      2.9
471.80      2.9
472.00      2.9
472.20      2.7
472.40      2.7
472.60      2.7
472.80      2.4
473.00      2.4
473.20      2.4
473.40      2.4
473.60      2.4
473.80      2.7
474.00      2.4
474.20      2.4
474.40      2.4
474.60      2.4
474.80      2.4
475.00      2.4
475.20      2.4
475.40      2.4
475.60      2.4
475.80      2.4
476.00      2.4
476.20      2.4
476.40      2.4
476.60      2.4
476.80      2.4
477.00      2.4
477.20      2.4
477.40      2.4
477.60      2.4
477.80      2.4
478.00      2.4
478.20      2.4
478.40      2.4
478.60      2.4
478.80      2.4
479.00      2.4
479.20      2.4
479.40      2.4
479.60      2.4
479.80      2.4
480.00      2.4
480.20      2.4
480.40      2.4
480.60      2.4
480.80      2.4
481.00      2.4
481.20      2.4
481.40      2.4
481.60      2.2
481.80      2.4
482.00      2.4
482.20      2.4
482.40      2.4
482.60      2.4
482.80      2.4
483.00      2.4
483.20      2.4
483.40      2.4
483.60      2.4
483.80      2.4
484.00      2.4
484.20      2.4
484.40      2.7
484.60      2.4
484.80      2.7
485.00      2.7
485.20      3.9
485.40      24.9
485.60      63.5
485.80      90.4
486.00      88.2
486.20      55.9
486.40      21.7
486.60      7.8
486.80      4.2
487.00      3.2
487.20      2.7
487.40      2.7
487.60      2.4
487.80      2.4
488.00      2.4
488.20      2.4
488.40      2.4
488.60      2.2
488.80      2.2
489.00      2.2
489.20      2.2
489.40      2.2
489.60      2.2
489.80      2.2
490.00      2.2
490.20      2.2
490.40      2.2
490.60      2.2
490.80      2.2
491.00      2.2
491.20      2.2
491.40      2.2
491.60      2.2
491.80      2.2
492.00      2.4
492.20      2.7
492.40      2.7
492.60      2.9
492.80      2.9
493.00      2.9
493.20      2.9
493.40      2.7
493.60      2.4
493.80      2.4
494.00      2.2
494.20      2.2
494.40      2.2
494.60      2.2
494.80      2.2
495.00      2.2
495.20      2.2
495.40      2.2
495.60      2.2
495.80      2.2
496.00      2.2
496.20      2.2
496.40      2.2
496.60      2.2
496.80      2.4
497.00      2.4
497.20      2.4
497.40      2.4
497.60      2.2
497.80      2.2
498.00      2.2
498.20      2.2
498.40      2.2
498.60      2.2
498.80      2.2
499.00      2.2
499.20      2.2
499.40      2.2
499.60      2.2
499.80      2.2
500.00      2.2
500.20      2.2
500.40      2.2
500.60      2.2
500.80      2.4
501.00      2.4
501.20      2.4
501.40      2.4
501.60      2.4
501.80      2.2
502.00      2.2
502.20      2.2
502.40      2.2
502.60      2.2
502.80      2.2
503.00      2.2
503.20      2.2
503.40      2.2
503.60      2.2
503.80      2.2
504.00      2.2
504.20      2.2
504.40      2.2
504.60      2.2
504.80      2.2
505.00      2.2
505.20      2.2
505.40      2.2
505.60      2.0
505.80      2.0
506.00      2.0
506.20      2.2
506.40      2.2
506.60      2.0
506.80      2.0
507.00      2.0
507.20      2.0
507.40      2.2
507.60      2.2
507.80      2.2
508.00      2.2
508.20      2.2
508.40      2.2
508.60      2.0
508.80      2.0
509.00      2.0
509.20      2.0
509.40      2.0
509.60      2.0
509.80      2.0
510.00      2.2
510.20      2.2
510.40      2.2
510.60      2.2
510.80      2.2
511.00      2.2
511.20      2.2
511.40      2.2
511.60      2.0
511.80      2.0
512.00      2.0
512.20      2.0
512.40      2.0
512.60      2.0
512.80      2.0
513.00      2.0
513.20      2.0
513.40      2.0
513.60      2.0
513.80      2.0
514.00      2.2
514.20      2.0
514.40      2.0
514.60      2.0
514.80      2.0
515.00      2.0
515.20      2.2
515.40      2.2
515.60      2.2
515.80      2.2
516.00      2.0
516.20      2.0
516.40      2.0
516.60      2.2
516.80      2.2
517.00      2.2
517.20      2.2
517.40      2.2
517.60      2.0
517.80      2.0
518.00      2.0
518.20      2.0
518.40      2.0
518.60      2.0
518.80      2.0
519.00      2.0
519.20      2.2
519.40      2.2
519.60      2.2
519.80      2.2
520.00      2.0
520.20      2.0
520.40      2.0
520.60      2.0
520.80      2.0
521.00      2.0
521.20      2.0
521.40      2.0
521.60      2.0
521.80      2.0
522.00      2.0
522.20      2.2
522.40      2.0
522.60      2.2
522.80      2.0
523.00      2.0
523.20      2.0
523.40      2.0
523.60      2.0
523.80      2.0
524.00      2.0
524.20      2.0
524.40      2.0
524.60      2.0
524.80      2.0
525.00      2.0
525.20      2.0
525.40      2.2
525.60      2.2
525.80      2.2
526.00      2.2
526.20      2.2
526.40      2.2
526.60      2.2
526.80      2.2
527.00      2.2
527.20      2.2
527.40      2.0
527.60      2.0
527.80      2.0
528.00      2.0
528.20      2.0
528.40      2.0
528.60      2.0
528.80      2.0
529.00      2.0
529.20      2.0
529.40      2.0
529.60      2.0
529.80      2.0
530.00      2.2
530.20      2.2
530.40      2.0
530.60      2.0
530.80      2.0
531.00      2.0
531.20      2.0
531.40      2.0
531.60      2.0
531.80      2.0
532.00      2.0
532.20      2.0
532.40      2.0
532.60      2.0
532.80      2.0
533.00      2.0
533.20      2.0
533.40      2.0
533.60      2.0
533.80      2.0
534.00      2.0
534.20      2.0
534.40      2.0
534.60      2.0
534.80      2.0
535.00      2.0
535.20      2.0
535.40      2.0
535.60      2.0
535.80      2.0
536.00      2.0
536.20      2.0
536.40      2.0
536.60      2.0
536.80      2.0
537.00      2.0
537.20      2.0
537.40      2.0
537.60      2.0
537.80      2.0
538.00      2.0
538.20      2.0
538.40      2.0
538.60      2.0
538.80      2.0
539.00      2.0
539.20      2.0
539.40      2.0
539.60      2.0
539.80      2.0
540.00      2.0
540.20      2.0
540.40      2.0
540.60      2.0
540.80      2.0
541.00      2.0
541.20      2.0
541.40      2.0
541.60      2.2
541.80      2.2
542.00      2.0
542.20      2.0
542.40      2.0
542.60      2.0
542.80      2.0
543.00      2.0
543.20      2.0
543.40      2.0
543.60      2.0
543.80      2.0
544.00      2.0
544.20      2.0
544.40      2.0
544.60      2.0
544.80      2.0
545.00      2.0
545.20      2.0
545.40      2.9
545.60      4.9
545.80      6.3
546.00      6.6
546.20      5.1
546.40      2.9
546.60      2.2
546.80      2.0
547.00      2.0
547.20      2.0
547.40      2.0
547.60      2.0
547.80      2.0
548.00      2.0
548.20      2.0
548.40      2.0
548.60      2.0
548.80      2.0
549.00      2.0
549.20      2.0
549.40      2.0
549.60      2.0
549.80      2.0
550.00      2.0
550.20      2.0
550.40      2.0
550.60      2.0
550.80      2.0
551.00      1.7
551.20      1.7
551.40      1.7
551.60      2.0
551.80      2.0
552.00      2.0
552.20      2.0
552.40      2.0
552.60      2.0
552.80      1.7
553.00      2.0
553.20      2.0
553.40      2.0
553.60      2.0
553.80      2.0
554.00      2.0
554.20      2.0
554.40      2.0
554.60      2.0
554.80      2.0
555.00      2.0
555.20      2.0
555.40      2.0
555.60      2.0
555.80      2.0
556.00      2.0
556.20      2.0
556.40      1.7
556.60      1.7
556.80      1.7
557.00      1.7
557.20      1.7
557.40      1.7
557.60      1.7
557.80      1.7
558.00      1.7
558.20      1.7
558.40      1.7
558.60      1.7
558.80      1.7
559.00      1.7
559.20      2.0
559.40      2.0
559.60      2.0
559.80      2.0
560.00      2.0
560.20      2.0
560.40      1.7
560.60      1.7
560.80      2.0
561.00      2.0
561.20      2.0
561.40      2.0
561.60      1.7
561.80      1.7
562.00      1.7
562.20      1.7
562.40      2.0
562.60      2.0
562.80      2.0
563.00      2.0
563.20      2.0
563.40      2.0
563.60      1.7
563.80      1.7
564.00      2.0
564.20      2.0
564.40      2.0
564.60      1.7
564.80      1.7
565.00      2.0
565.20      2.0
565.40      2.0
565.60      2.0
565.80      2.0
566.00      2.0
566.20      2.0
566.40      2.0
566.60      2.0
566.80      2.0
567.00      2.0
567.20      2.0
567.40      2.0
567.60      2.0
567.80      2.0
568.00      2.0
568.20      2.2
568.40      2.2
568.60      2.2
568.80      2.2
569.00      2.2
569.20      2.0
569.40      2.0
569.60      2.2
569.80      2.2
570.00      2.2
570.20      2.2
570.40      2.2
570.60      2.0
570.80      2.0
571.00      2.0
571.20      2.0
571.40      2.0
571.60      2.0
571.80      1.7
572.00      2.0
572.20      2.0
572.40      2.2
572.60      2.4
572.80      2.4
573.00      2.4
573.20      2.4
573.40      2.4
573.60      2.4
573.80      2.2
574.00      2.2
574.20      2.0
574.40      2.0
574.60      1.7
574.80      1.7
575.00      2.0
575.20      2.2
575.40      2.4
575.60      2.4
575.80      2.4
576.00      2.4
576.20      2.4
576.40      2.4
576.60      2.7
576.80      2.7
577.00      2.7
577.20      2.4
577.40      2.4
577.60      2.4
577.80      2.2
578.00      2.2
578.20      2.4
578.40      2.4
578.60      2.7
578.80      2.9
579.00      2.9
579.20      2.9
579.40      2.4
579.60      2.2
579.80      2.2
580.00      2.2
580.20      2.4
580.40      2.4
580.60      2.4
580.80      2.7
581.00      3.2
581.20      3.4
581.40      3.4
581.60      3.2
581.80      2.9
582.00      2.7
582.20      2.4
582.40      2.2
582.60      2.2
582.80      2.2
583.00      2.2
583.20      2.7
583.40      2.7
583.60      2.7
583.80      2.4
584.00      2.2
584.20      2.0
584.40      2.0
584.60      2.0
584.80      2.2
585.00      2.2
585.20      2.0
585.40      2.0
585.60      2.0
585.80      2.0
586.00      2.0
586.20      2.2
586.40      2.2
586.60      2.2
586.80      2.4
587.00      2.2
587.20      2.2
587.40      2.0
587.60      2.0
587.80      2.2
588.00      2.4
588.20      2.7
588.40      2.9
588.60      2.7
588.80      2.7
589.00      2.4
589.20      2.0
589.40      2.0
589.60      1.7
589.80      1.7
590.00      2.0
590.20      2.0
590.40      1.7
590.60      2.0
590.80      2.0
591.00      2.0
591.20      2.2
591.40      2.2
591.60      2.2
591.80      2.2
592.00      2.2
592.20      2.0
592.40      2.0
592.60      2.2
592.80      2.4
593.00      2.4
593.20      2.4
593.40      2.7
593.60      2.7
593.80      2.7
594.00      2.4
594.20      2.2
594.40      2.2
594.60      2.2
594.80      2.2
595.00      2.2
595.20      2.0
595.40      2.0
595.60      2.2
595.80      2.2
596.00      2.2
596.20      2.2
596.40      2.2
596.60      2.4
596.80      2.4
597.00      2.4
597.20      2.7
597.40      2.7
597.60      2.7
597.80      2.4
598.00      2.4
598.20      2.4
598.40      2.2
598.60      2.2
598.80      2.2
599.00      2.2
599.20      2.2
599.40      2.0
599.60      2.0
599.80      2.0
600.00      2.0
600.20      2.2
600.40      2.2
600.60      2.0
600.80      2.0
601.00      2.0
601.20      2.0
601.40      2.2
601.60      2.4
601.80      2.7
602.00      2.7
602.20      2.7
602.40      2.7
602.60      2.9
602.80      3.2
603.00      3.2
603.20      2.7
603.40      2.2
603.60      2.0
603.80      2.0
604.00      2.0
604.20      2.0
604.40      2.0
604.60      2.0
604.80      2.0
605.00      2.2
605.20      2.2
605.40      2.2
605.60      2.0
605.80      2.0
606.00      2.0
606.20      2.2
606.40      2.4
606.60      2.4
606.80      2.7
607.00      2.4
607.20      2.2
607.40      2.0
607.60      2.2
607.80      2.2
608.00      2.2
608.20      2.2
608.40      2.2
608.60      2.2
608.80      2.2
609.00      2.4
609.20      2.4
609.40      2.2
609.60      2.2
609.80      2.0
610.00      1.7
610.20      1.7
610.40      1.7
610.60      1.7
610.80      1.7
611.00      1.7
611.20      1.7
611.40      1.7
611.60      2.0
611.80      2.2
612.00      2.4
612.20      2.2
612.40      2.2
612.60      2.0
612.80      2.0
613.00      2.2
613.20      2.4
613.40      2.7
613.60      2.4
613.80      2.2
614.00      2.0
614.20      2.0
614.40      2.0
614.60      2.0
614.80      1.7
615.00      2.0
615.20      2.0
615.40      2.0
615.60      2.0
615.80      2.0
616.00      2.0
616.20      2.0
616.40      2.0
616.60      2.0
616.80      2.0
617.00      2.0
617.20      2.2
617.40      2.2
617.60      2.0
617.80      2.0
618.00      2.0
618.20      2.0
618.40      1.7
618.60      1.7
618.80      1.7
619.00      1.7
619.20      1.7
619.40      2.2
619.60      2.2
619.80      2.2
620.00      2.0
620.20      1.7
620.40      1.7
620.60      1.7
620.80      1.7
621.00      1.5
621.20      1.5
621.40      1.7
621.60      1.7
621.80      1.7
622.00      2.0
622.20      2.2
622.40      2.2
622.60      2.0
622.80      2.0
623.00      2.0
623.20      2.0
623.40      2.0
623.60      2.0
623.80      2.0
624.00      1.7
624.20      1.7
624.40      1.7
624.60      1.7
624.80      1.7
625.00      1.7
625.20      1.5
625.40      1.7
625.60      1.7
625.80      1.7
626.00      1.7
626.20      1.7
626.40      1.7
626.60      1.7
626.80      1.7
627.00      1.7
627.20      2.0
627.40      2.0
627.60      1.7
627.80      1.7
628.00      1.7
628.20      1.7
628.40      1.7
628.60      1.7
628.80      1.7
629.00      1.7
629.20      1.7
629.40      1.7
629.60      1.7
629.80      2.0
630.00      2.0
630.20      1.7
630.40      1.7
630.60      1.7
630.80      1.7
631.00      1.7
631.20      1.7
631.40      1.7
631.60      1.7
631.80      1.7
632.00      1.7
632.20      1.7
632.40      1.7
632.60      2.0
632.80      2.0
633.00      2.0
633.20      1.7
633.40      1.7
633.60      1.7
633.80      1.7
634.00      1.7
634.20      1.7
634.40      1.7
634.60      1.7
634.80      1.7
635.00      1.5
635.20      1.5
635.40      1.5
635.60      1.7
635.80      1.7
636.00      1.7
636.20      1.7
636.40      1.7
636.60      1.7
636.80      1.7
637.00      1.7
637.20      1.5
637.40      1.5
637.60      1.7
637.80      1.7
638.00      1.7
638.20      1.7
638.40      1.5
638.60      1.5
638.80      1.5
639.00      1.5
639.20      1.5
639.40      1.7
639.60      1.7
639.80      1.7
640.00      1.7
640.20      1.7
640.40      1.5
640.60      1.5
640.80      1.5
641.00      1.5
641.20      1.5
641.40      1.5
641.60      1.5
641.80      1.5
642.00      1.5
642.20      1.5
642.40      1.7
642.60      1.7
642.80      1.7
643.00      1.7
643.20      1.7
643.40      1.7
643.60      1.7
643.80      1.7
644.00      1.7
644.20      1.5
644.40      1.5
644.60      1.5
644.80      1.5
645.00      1.5
645.20      1.5
645.40      1.5
645.60      1.5
645.80      1.5
646.00      1.5
646.20      1.5
646.40      1.5
646.60      1.5
646.80      1.5
647.00      1.5
647.20      1.5
647.40      1.5
647.60      1.5
647.80      1.5
648.00      1.5
648.20      1.5
648.40      1.5
648.60      1.5
648.80      1.5
649.00      1.5
649.20      1.5
649.40      1.5
649.60      1.5
649.80      1.5
650.00      1.5
650.20      1.5
650.40      1.5
650.60      1.5
650.80      1.5
651.00      1.5
651.20      1.5
651.40      1.5
651.60      1.5
651.80      1.5
652.00      1.5
652.20      1.5
652.40      1.5
652.60      1.7
652.80      1.5
653.00      1.5
653.20      1.5
653.40      1.5
653.60      1.5
653.80      1.5
654.00      1.5
654.20      1.7
654.40      1.7
654.60      1.7
654.80      1.7
655.00      1.7
655.20      1.7
655.40      2.2
655.60      29.3
655.80      146.0
656.00      283.8
656.20      347.5
656.40      279.4
656.60      135.8
656.80      41.5
657.00      13.2
657.20      4.9
657.40      2.7
657.60      2.0
657.80      1.7
658.00      1.7
658.20      1.7
658.40      1.7
658.60      1.7
658.80      1.7
659.00      1.7
659.20      1.7
659.40      1.7
659.60      1.5
659.80      1.5
660.00      1.5
660.20      1.5
660.40      1.5
660.60      1.5
660.80      1.5
661.00      1.5
661.20      1.5
661.40      1.5
661.60      1.5
661.80      1.5
662.00      1.5
662.20      1.5
662.40      1.5
662.60      1.5
662.80      1.5
663.00      1.5
663.20      1.5
663.40      1.5
663.60      1.5
663.80      1.5
664.00      1.5
664.20      1.5
664.40      1.5
664.60      1.5
664.80      1.5
665.00      1.5
665.20      1.5
665.40      1.5
665.60      1.5
665.80      1.5
666.00      1.5
666.20      1.5
666.40      1.5
666.60      1.5
666.80      1.5
667.00      1.5
667.20      1.5
667.40      1.5
667.60      1.5
667.80      1.5
668.00      1.5
668.20      1.5
668.40      1.5
668.60      1.5
668.80      1.5
669.00      1.5
669.20      1.5
669.40      1.5
669.60      1.5
669.80      1.5
670.00      1.5
670.20      1.5
670.40      1.5
670.60      1.5
670.80      1.5
671.00      1.5
671.20      1.5
671.40      1.5
671.60      1.5
671.80      1.5
672.00      1.5
672.20      1.5
672.40      1.5
672.60      1.5
672.80      1.5
673.00      1.5
673.20      1.5
673.40      1.5
673.60      1.5
673.80      1.5
674.00      1.5
674.20      1.5
674.40      1.5
674.60      1.5
674.80      1.5
675.00      1.5
675.20      1.5
675.40      1.5
675.60      1.5
675.80      1.5
676.00      1.5
676.20      1.5
676.40      1.5
676.60      1.5
676.80      1.5
677.00      1.5
677.20      1.5
677.40      1.5
677.60      1.5
677.80      1.5
678.00      1.5
678.20      1.5
678.40      1.5
678.60      1.5
678.80      1.5
679.00      1.5
679.20      1.5
679.40      1.5
679.60      1.5
679.80      1.5
680.00      1.5
680.20      1.5
680.40      1.5
680.60      1.5
680.80      1.5
681.00      1.5
681.20      1.5
681.40      1.5
681.60      1.5
681.80      1.5
682.00      1.5
682.20      1.5
682.40      1.5
682.60      1.5
682.80      1.5
683.00      1.5
683.20      1.5
683.40      1.5
683.60      1.5
683.80      1.5
684.00      1.5
684.20      1.5
684.40      1.5
684.60      1.5
684.80      1.5
685.00      1.5
685.20      1.5
685.40      1.5
685.60      1.5
685.80      1.5
686.00      1.5
686.20      1.5
686.40      1.5
686.60      1.5
686.80      1.5
687.00      1.5
687.20      1.5
687.40      1.5
687.60      1.5
687.80      1.5
688.00      1.5
688.20      1.5
688.40      1.5
688.60      1.5
688.80      1.5
689.00      1.5
689.20      1.5
689.40      1.5
689.60      1.5
689.80      1.5
690.00      1.5
690.20      1.5
690.40      1.5
690.60      1.5
690.80      1.5
691.00      1.5
691.20      1.5
691.40      1.5
691.60      1.5
691.80      1.5
692.00      1.5
692.20      1.5
692.40      1.5
692.60      1.5
692.80      1.5
693.00      1.5
693.20      1.5
693.40      1.5
693.60      1.5
693.80      1.5
694.00      1.5
694.20      1.5
694.40      1.5
694.60      1.5
694.80      1.5
695.00      1.5
695.20      1.5
695.40      1.5
695.60      1.5
695.80      1.5
696.00      1.5
696.20      1.5
696.40      1.5
696.60      1.5
696.80      1.5
697.00      1.5
697.20      1.5
697.40      1.5
697.60      1.5
697.80      1.5
698.00      1.5
698.20      1.5
698.40      1.5
698.60      1.5
698.80      1.5
699.00      1.5
699.20      1.5
699.40      1.5
699.60      1.5
699.80      1.5
700.00      1.5
