200.00      907.9
200.10      908.2
200.20      910.1
200.30      912.6
200.40      908.7
200.50      909.2
200.60      912.6
300.00      1.2
300.10      1.2
300.20      1.2
300.30      1.2
300.40      1.2
300.50      1.2
300.60      1.2
300.70      1.2
300.80      1.2
300.90      1.2
301.00      1.2
301.10      1.2
301.20      1.2
301.30      1.2
301.40      1.2
301.50      1.2
301.60      1.2
301.70      1.2
301.80      1.2
301.90      1.2
302.00      1.2
302.10      1.2
302.20      1.2
302.30      1.2
302.40      1.2
302.50      1.2
302.60      1.2
302.70      1.2
302.80      1.2
302.90      1.2
303.00      1.2
303.10      1.2
303.20      1.2
303.30      1.2
303.40      1.2
303.50      1.2
303.60      1.2
303.70      1.2
303.80      1.2
303.90      1.2
304.00      1.2
304.10      1.2
304.20      1.2
304.30      1.2
304.40      1.2
304.50      1.2
304.60      1.2
304.70      1.2
304.80      1.2
304.90      1.2
305.00      1.2
305.10      1.2
305.20      1.2
305.30      1.2
305.40      1.2
305.50      1.5
305.60      1.2
305.70      1.2
305.80      1.2
305.90      1.2
306.00      1.2
306.10      1.2
306.20      1.2
306.30      1.2
306.40      1.2
306.50      1.2
306.60      1.2
306.70      1.2
306.80      1.2
306.90      1.5
307.00      1.2
307.10      1.5
307.20      1.2
307.30      1.2
307.40      1.2
307.50      1.2
307.60      1.2
307.70      1.5
307.80      1.2
307.90      1.2
308.00      1.2
308.10      1.2
308.20      1.2
308.30      1.2
308.40      1.2
308.50      1.5
308.60      1.2
308.70      1.5
308.80      1.2
308.90      1.2
309.00      1.2
309.10      1.2
309.20      1.2
309.30      1.5
309.40      1.2
309.50      1.2
309.60      1.2
309.70      1.2
309.80      1.2
309.90      1.2
310.00      1.2
310.10      1.2
310.20      1.2
310.30      1.2
310.40      1.2
310.50      1.2
310.60      1.2
310.70      1.2
310.80      1.2
310.90      1.2
311.00      1.2
311.10      1.2
311.20      1.2
311.30      1.2
311.40      1.2
311.50      1.2
311.60      1.2
311.70      1.2
311.80      1.2
311.90      1.2
312.00      1.2
312.10      1.2
312.20      1.2
312.30      1.2
312.40      1.2
312.50      1.2
312.60      1.2
312.70      1.2
312.80      1.2
312.90      1.2
313.00      1.2
313.10      1.2
313.20      1.2
313.30      1.2
313.40      1.2
313.50      1.2
313.60      1.2
313.70      1.2
313.80      1.2
313.90      1.2
314.00      1.2
314.10      1.2
314.20      1.2
314.30      1.2
314.40      1.2
314.50      1.2
314.60      1.2
314.70      1.2
314.80      1.2
314.90      1.2
315.00      1.2
315.10      1.2
315.20      1.2
315.30      1.2
315.40      1.2
315.50      1.2
315.60      1.2
315.70      1.2
315.80      1.2
315.90      1.2
316.00      1.2
316.10      1.2
316.20      1.2
316.30      1.2
316.40      1.2
316.50      1.2
316.60      1.2
316.70      1.2
316.80      1.2
316.90      1.2
317.00      1.2
317.10      1.2
317.20      1.2
317.30      1.2
317.40      1.2
317.50      1.2
317.60      1.2
317.70      1.2
317.80      1.2
317.90      1.2
318.00      1.2
318.10      1.2
318.20      1.2
318.30      1.2
318.40      1.2
318.50      1.2
318.60      1.2
318.70      1.2
318.80      1.2
318.90      1.2
319.00      1.2
319.10      1.2
319.20      1.2
319.30      1.2
319.40      1.2
319.50      1.2
319.60      1.2
319.70      1.2
319.80      1.2
319.90      1.2
320.00      1.2
320.10      1.2
320.20      1.2
320.30      1.2
320.40      1.2
320.50      1.2
320.60      1.2
320.70      1.2
320.80      1.2
320.90      1.2
321.00      1.2
321.10      1.2
321.20      1.2
321.30      1.2
321.40      1.2
321.50      1.2
321.60      1.2
321.70      1.2
321.80      1.2
321.90      1.2
322.00      1.2
322.10      1.2
322.20      1.2
322.30      1.2
322.40      1.2
322.50      1.2
322.60      1.2
322.70      1.2
322.80      1.2
322.90      1.2
323.00      1.2
323.10      1.2
323.20      1.2
323.30      1.2
323.40      1.2
323.50      1.2
323.60      1.2
323.70      1.2
323.80      1.2
323.90      1.2
324.00      1.2
324.10      1.2
324.20      1.2
324.30      1.2
324.40      1.2
324.50      1.2
324.60      1.2
324.70      1.2
324.80      1.2
324.90      1.2
325.00      1.2
325.10      1.2
325.20      1.2
325.30      1.2
325.40      1.2
325.50      1.2
325.60      1.2
325.70      1.2
325.80      1.2
325.90      1.2
326.00      1.2
326.10      1.2
326.20      1.2
326.30      1.2
326.40      1.2
326.50      1.2
326.60      1.2
326.70      1.2
326.80      1.2
326.90      1.2
327.00      1.2
327.10      1.2
327.20      1.2
327.30      1.2
327.40      1.2
327.50      1.2
327.60      1.2
327.70      1.2
327.80      1.2
327.90      1.2
328.00      1.2
328.10      1.2
328.20      1.2
328.30      1.2
328.40      1.2
328.50      1.2
328.60      1.2
328.70      1.2
328.80      1.2
328.90      1.2
329.00      1.2
329.10      1.2
329.20      1.2
329.30      1.2
329.40      1.2
329.50      1.2
329.60      1.2
329.70      1.2
329.80      1.2
329.90      1.2
330.00      1.2
330.10      1.2
330.20      1.2
330.30      1.2
330.40      1.2
330.50      1.2
330.60      1.2
330.70      1.2
330.80      1.2
330.90      1.2
331.00      1.2
331.10      1.2
331.20      1.2
331.30      1.2
331.40      1.2
331.50      1.2
331.60      1.2
331.70      1.2
331.80      1.2
331.90      1.2
332.00      1.2
332.10      1.2
332.20      1.2
332.30      1.2
332.40      1.2
332.50      1.2
332.60      1.2
332.70      1.2
332.80      1.2
332.90      1.2
333.00      1.2
333.10      1.2
333.20      1.2
333.30      1.2
333.40      1.2
333.50      1.2
333.60      1.2
333.70      1.2
333.80      1.2
333.90      1.2
334.00      1.2
334.10      1.2
334.20      1.2
334.30      1.2
334.40      1.2
334.50      1.2
334.60      1.2
334.70      1.2
334.80      1.2
334.90      1.2
335.00      1.2
335.10      1.2
335.20      1.2
335.30      1.2
335.40      1.2
335.50      1.2
335.60      1.2
335.70      1.2
335.80      1.2
335.90      1.2
336.00      1.2
336.10      1.2
336.20      1.2
336.30      1.2
336.40      1.2
336.50      1.2
336.60      1.2
336.70      1.2
336.80      1.2
336.90      1.2
337.00      1.2
337.10      1.2
337.20      1.2
337.30      1.2
337.40      1.2
337.50      1.2
337.60      1.2
337.70      1.2
337.80      1.2
337.90      1.2
338.00      1.2
338.10      1.2
338.20      1.2
338.30      1.2
338.40      1.2
338.50      1.2
338.60      1.2
338.70      1.2
338.80      1.2
338.90      1.2
339.00      1.2
339.10      1.2
339.20      1.2
339.30      1.2
339.40      1.2
339.50      1.2
339.60      1.2
339.70      1.2
339.80      1.2
339.90      1.2
340.00      1.2
340.10      1.2
340.20      1.2
340.30      1.2
340.40      1.2
340.50      1.2
340.60      1.2
340.70      1.2
340.80      1.2
340.90      1.2
341.00      1.2
341.10      1.2
341.20      1.2
341.30      1.2
341.40      1.2
341.50      1.2
341.60      1.2
341.70      1.2
341.80      1.2
341.90      1.2
342.00      1.2
342.10      1.2
342.20      1.2
342.30      1.2
342.40      1.2
342.50      1.2
342.60      1.2
342.70      1.2
342.80      1.2
342.90      1.2
343.00      1.2
343.10      1.2
343.20      1.2
343.30      1.2
343.40      1.2
343.50      1.2
343.60      1.2
343.70      1.2
343.80      1.2
343.90      1.2
344.00      1.2
344.10      1.2
344.20      1.2
344.30      1.2
344.40      1.2
344.50      1.2
344.60      1.2
344.70      1.2
344.80      1.2
344.90      1.2
345.00      1.2
345.10      1.2
345.20      1.2
345.30      1.2
345.40      1.2
345.50      1.2
345.60      1.2
345.70      1.2
345.80      1.2
345.90      1.2
346.00      1.2
346.10      1.2
346.20      1.2
346.30      1.2
346.40      1.2
346.50      1.2
346.60      1.2
346.70      1.2
346.80      1.2
346.90      1.2
347.00      1.2
347.10      1.2
347.20      1.2
347.30      1.2
347.40      1.2
347.50      1.2
347.60      1.2
347.70      1.2
347.80      1.2
347.90      1.2
348.00      1.2
348.10      1.2
348.20      1.2
348.30      1.2
348.40      1.2
348.50      1.2
348.60      1.2
348.70      1.2
348.80      1.2
348.90      1.2
349.00      1.2
349.10      1.2
349.20      1.2
349.30      1.2
349.40      1.2
349.50      1.2
349.60      1.2
349.70      1.2
349.80      1.2
349.90      1.2
350.00      1.2
350.10      1.2
350.20      1.2
350.30      1.2
350.40      1.2
350.50      1.2
350.60      1.2
350.70      1.2
350.80      1.2
350.90      1.2
351.00      1.2
351.10      1.2
351.20      1.2
351.30      1.2
351.40      1.2
351.50      1.2
351.60      1.2
351.70      1.2
351.80      1.2
351.90      1.2
352.00      1.2
352.10      1.2
352.20      1.2
352.30      1.2
352.40      1.2
352.50      1.2
352.60      1.2
352.70      1.2
352.80      1.2
352.90      1.2
353.00      1.2
353.10      1.2
353.20      1.2
353.30      1.2
353.40      1.2
353.50      1.2
353.60      1.2
353.70      1.2
353.80      1.2
353.90      1.2
354.00      1.2
354.10      1.2
354.20      1.2
354.30      1.2
354.40      1.2
354.50      1.2
354.60      1.2
354.70      1.2
354.80      1.2
354.90      1.2
355.00      1.2
355.10      1.2
355.20      1.2
355.30      1.2
355.40      1.2
355.50      1.2
355.60      1.2
355.70      1.2
355.80      1.2
355.90      1.2
356.00      1.2
356.10      1.2
356.20      1.2
356.30      1.2
356.40      1.2
356.50      1.2
356.60      1.2
356.70      1.2
356.80      1.2
356.90      1.2
357.00      1.2
357.10      1.2
357.20      1.2
357.30      1.2
357.40      1.2
357.50      1.2
357.60      1.2
357.70      1.2
357.80      1.2
357.90      1.2
358.00      1.2
358.10      1.2
358.20      1.2
358.30      1.2
358.40      1.2
358.50      1.2
358.60      1.2
358.70      1.2
358.80      1.2
358.90      1.2
359.00      1.2
359.10      1.2
359.20      1.2
359.30      1.2
359.40      1.2
359.50      1.2
359.60      1.2
359.70      1.2
359.80      1.2
359.90      1.2
360.00      1.2
360.10      1.2
360.20      1.2
360.30      1.2
360.40      1.2
360.50      1.2
360.60      1.2
360.70      1.2
360.80      1.2
360.90      1.2
361.00      1.2
361.10      1.2
361.20      1.2
361.30      1.2
361.40      1.2
361.50      1.2
361.60      1.2
361.70      1.2
361.80      1.2
361.90      1.2
362.00      1.2
362.10      1.2
362.20      1.2
362.30      1.2
362.40      1.2
362.50      1.2
362.60      1.2
362.70      1.2
362.80      1.2
362.90      1.2
363.00      1.2
363.10      1.2
363.20      1.2
363.30      1.2
363.40      1.2
363.50      1.2
363.60      1.2
363.70      1.2
363.80      1.2
363.90      1.2
364.00      1.2
364.10      1.2
364.20      1.2
364.30      1.2
364.40      1.2
364.50      1.2
364.60      1.2
364.70      1.2
364.80      1.2
364.90      1.2
365.00      1.2
365.10      1.2
365.20      1.2
365.30      1.2
365.40      1.2
365.50      1.2
365.60      1.2
365.70      1.2
365.80      1.2
365.90      1.2
366.00      1.2
366.10      1.2
366.20      1.2
366.30      1.2
366.40      1.2
366.50      1.2
366.60      1.2
366.70      1.2
366.80      1.2
366.90      1.2
367.00      1.2
367.10      1.2
367.20      1.2
367.30      1.2
367.40      1.2
367.50      1.2
367.60      1.2
367.70      1.2
367.80      1.2
367.90      1.2
368.00      1.2
368.10      1.2
368.20      1.2
368.30      1.2
368.40      1.2
368.50      1.2
368.60      1.2
368.70      1.2
368.80      1.2
368.90      1.2
369.00      1.2
369.10      1.2
369.20      1.2
369.30      1.2
369.40      1.2
369.50      1.2
369.60      1.2
369.70      1.2
369.80      1.2
369.90      1.2
370.00      1.2
370.10      1.2
370.20      1.2
370.30      1.2
370.40      1.2
370.50      1.2
370.60      1.2
370.70      1.2
370.80      1.2
370.90      1.2
371.00      1.2
371.10      1.2
371.20      1.2
371.30      1.2
371.40      1.2
371.50      1.2
371.60      1.2
371.70      1.2
371.80      1.2
371.90      1.2
372.00      1.2
372.10      1.2
372.20      1.2
372.30      1.2
372.40      1.2
372.50      1.2
372.60      1.2
372.70      1.2
372.80      1.2
372.90      1.2
373.00      1.2
373.10      1.2
373.20      1.2
373.30      1.2
373.40      1.2
373.50      1.2
373.60      1.2
373.70      1.2
373.80      1.2
373.90      1.2
374.00      1.2
374.10      1.2
374.20      1.2
374.30      1.2
374.40      1.2
374.50      1.2
374.60      1.2
374.70      1.2
374.80      1.2
374.90      1.2
375.00      1.2
375.10      1.2
375.20      1.2
375.30      1.2
375.40      1.2
375.50      1.2
375.60      1.2
375.70      1.2
375.80      1.2
375.90      1.2
376.00      1.2
376.10      1.2
376.20      1.2
376.30      1.2
376.40      1.2
376.50      1.2
376.60      1.2
376.70      1.2
376.80      1.2
376.90      1.2
377.00      1.2
377.10      1.2
377.20      1.2
377.30      1.2
377.40      1.2
377.50      1.2
377.60      1.2
377.70      1.2
377.80      1.2
377.90      1.2
378.00      1.2
378.10      1.2
378.20      1.2
378.30      1.2
378.40      1.2
378.50      1.2
378.60      1.2
378.70      1.2
378.80      1.2
378.90      1.2
379.00      1.2
379.10      1.2
379.20      1.2
379.30      1.2
379.40      1.2
379.50      1.2
379.60      1.2
379.70      1.2
379.80      1.2
379.90      1.2
380.00      1.2
380.10      1.2
380.20      1.2
380.30      1.2
380.40      1.2
380.50      1.2
380.60      1.2
380.70      1.2
380.80      1.2
380.90      1.2
381.00      1.2
381.10      1.2
381.20      1.2
381.30      1.2
381.40      1.2
381.50      1.2
381.60      1.2
381.70      1.2
381.80      1.2
381.90      1.2
382.00      1.2
382.10      1.2
382.20      1.2
382.30      1.2
382.40      1.2
382.50      1.2
382.60      1.2
382.70      1.2
382.80      1.2
382.90      1.2
383.00      1.2
383.10      1.2
383.20      1.2
383.30      1.2
383.40      1.2
383.50      1.2
383.60      1.2
383.70      1.2
383.80      1.2
383.90      1.2
384.00      1.2
384.10      1.2
384.20      1.2
384.30      1.2
384.40      1.2
384.50      1.2
384.60      1.2
384.70      1.2
384.80      1.2
384.90      1.2
385.00      1.2
385.10      1.2
385.20      1.2
385.30      1.2
385.40      1.2
385.50      1.2
385.60      1.2
385.70      1.2
385.80      1.2
385.90      1.2
386.00      1.2
386.10      1.2
386.20      1.2
386.30      1.2
386.40      1.2
386.50      1.2
386.60      1.2
386.70      1.2
386.80      1.2
386.90      1.2
387.00      1.2
387.10      1.2
387.20      1.2
387.30      1.2
387.40      1.2
387.50      1.2
387.60      1.2
387.70      1.2
387.80      1.2
387.90      1.2
388.00      1.2
388.10      1.2
388.20      1.2
388.30      1.2
388.40      1.2
388.50      1.2
388.60      1.2
388.70      1.2
388.80      1.2
388.90      1.2
389.00      1.2
389.10      1.2
389.20      1.2
389.30      1.2
389.40      1.2
389.50      1.2
389.60      1.2
389.70      1.2
389.80      1.2
389.90      1.2
390.00      1.2
390.10      1.2
390.20      1.2
390.30      1.2
390.40      1.2
390.50      1.2
390.60      1.2
390.70      1.2
390.80      1.2
390.90      1.2
391.00      1.2
391.10      1.2
391.20      1.2
391.30      1.2
391.40      1.2
391.50      1.2
391.60      1.2
391.70      1.2
391.80      1.2
391.90      1.2
392.00      1.2
392.10      1.2
392.20      1.2
392.30      1.2
392.40      1.2
392.50      1.2
392.60      1.2
392.70      1.2
392.80      1.2
392.90      1.2
393.00      1.2
393.10      1.2
393.20      1.2
393.30      1.2
393.40      1.2
393.50      1.2
393.60      1.2
393.70      1.2
393.80      1.2
393.90      1.2
394.00      1.2
394.10      1.2
394.20      1.2
394.30      1.2
394.40      1.2
394.50      1.2
394.60      1.2
394.70      1.2
394.80      1.2
394.90      1.2
395.00      1.2
395.10      1.2
395.20      1.2
395.30      1.2
395.40      1.2
395.50      1.2
395.60      1.2
395.70      1.2
395.80      1.2
395.90      1.2
396.00      1.2
396.10      1.2
396.20      1.2
396.30      1.2
396.40      1.2
396.50      1.2
396.60      1.2
396.70      1.2
396.80      1.2
396.90      1.2
397.00      1.2
397.10      1.2
397.20      1.2
397.30      1.2
397.40      1.2
397.50      1.2
397.60      1.2
397.70      1.2
397.80      1.2
397.90      1.2
398.00      1.2
398.10      1.2
398.20      1.2
398.30      1.2
398.40      1.2
398.50      1.2
398.60      1.2
398.70      1.2
398.80      1.2
398.90      1.2
399.00      1.2
399.10      1.2
399.20      1.2
399.30      1.2
399.40      1.2
399.50      1.2
399.60      1.2
399.70      1.2
399.80      1.2
399.90      1.2
400.00      1.2
400.10      1.2
400.20      1.2
400.30      1.2
400.40      1.2
400.50      1.2
400.60      1.2
400.70      1.2
400.80      1.2
400.90      1.2
401.00      1.2
401.10      1.2
401.20      1.2
401.30      1.2
401.40      1.2
401.50      1.2
401.60      1.2
401.70      1.2
401.80      1.2
401.90      1.2
402.00      1.2
402.10      1.2
402.20      1.2
402.30      1.2
402.40      1.2
402.50      1.2
402.60      1.2
402.70      1.2
402.80      1.2
402.90      1.2
403.00      1.2
403.10      1.2
403.20      1.2
403.30      1.2
403.40      1.2
403.50      1.2
403.60      1.2
403.70      1.2
403.80      1.2
403.90      1.2
404.00      1.2
404.10      1.2
404.20      1.2
404.30      1.2
404.40      1.2
404.50      1.2
404.60      1.2
404.70      1.2
404.80      1.2
404.90      1.2
405.00      1.2
405.10      1.2
405.20      1.2
405.30      1.2
405.40      1.2
405.50      1.2
405.60      1.2
405.70      1.2
405.80      1.2
405.90      1.2
406.00      1.2
406.10      1.2
406.20      1.2
406.30      1.2
406.40      1.2
406.50      1.2
406.60      1.2
406.70      1.2
406.80      1.2
406.90      1.2
407.00      1.2
407.10      1.2
407.20      1.2
407.30      1.2
407.40      1.2
407.50      1.2
407.60      1.2
407.70      1.2
407.80      1.2
407.90      1.2
408.00      1.2
408.10      1.2
408.20      1.2
408.30      1.2
408.40      1.2
408.50      1.2
408.60      1.2
408.70      1.2
408.80      1.2
408.90      1.2
409.00      1.2
409.10      1.2
409.20      1.2
409.30      1.2
409.40      1.2
409.50      1.2
409.60      1.2
409.70      1.2
409.80      1.2
409.90      1.2
410.00      1.2
410.10      1.2
410.20      1.2
410.30      1.2
410.40      1.2
410.50      1.2
410.60      1.2
410.70      1.2
410.80      1.2
410.90      1.2
411.00      1.2
411.10      1.2
411.20      1.2
411.30      1.2
411.40      1.2
411.50      1.2
411.60      1.2
411.70      1.2
411.80      1.2
411.90      1.2
412.00      1.2
412.10      1.2
412.20      1.2
412.30      1.2
412.40      1.2
412.50      1.2
412.60      1.2
412.70      1.2
412.80      1.2
412.90      1.2
413.00      1.2
413.10      1.2
413.20      1.2
413.30      1.2
413.40      1.2
413.50      1.2
413.60      1.2
413.70      1.2
413.80      1.2
413.90      1.2
414.00      1.2
414.10      1.2
414.20      1.2
414.30      1.2
414.40      1.2
414.50      1.2
414.60      1.2
414.70      1.2
414.80      1.2
414.90      1.2
415.00      1.2
415.10      1.2
415.20      1.2
415.30      1.2
415.40      1.2
415.50      1.2
415.60      1.2
415.70      1.2
415.80      1.2
415.90      1.2
416.00      1.2
416.10      1.2
416.20      1.2
416.30      1.2
416.40      1.2
416.50      1.2
416.60      1.2
416.70      1.2
416.80      1.2
416.90      1.2
417.00      1.2
417.10      1.2
417.20      1.2
417.30      1.2
417.40      1.2
417.50      1.2
417.60      1.2
417.70      1.2
417.80      1.2
417.90      1.2
418.00      1.2
418.10      1.2
418.20      1.2
418.30      1.2
418.40      1.2
418.50      1.2
418.60      1.2
418.70      1.2
418.80      1.2
418.90      1.2
419.00      1.2
419.10      1.2
419.20      1.2
419.30      1.2
419.40      1.2
419.50      1.2
419.60      1.2
419.70      1.2
419.80      1.2
419.90      1.2
420.00      1.2
420.10      1.2
420.20      1.2
420.30      1.2
420.40      1.2
420.50      1.2
420.60      1.2
420.70      1.2
420.80      1.2
420.90      1.2
421.00      1.2
421.10      1.2
421.20      1.2
421.30      1.2
421.40      1.2
421.50      1.2
421.60      1.2
421.70      1.2
421.80      1.2
421.90      1.2
422.00      1.2
422.10      1.2
422.20      1.2
422.30      1.2
422.40      1.2
422.50      1.2
422.60      1.2
422.70      1.2
422.80      1.2
422.90      1.2
423.00      1.2
423.10      1.2
423.20      1.2
423.30      1.2
423.40      1.2
423.50      1.2
423.60      1.2
423.70      1.2
423.80      1.2
423.90      1.2
424.00      1.2
424.10      1.2
424.20      1.2
424.30      1.2
424.40      1.2
424.50      1.2
424.60      1.2
424.70      1.2
424.80      1.2
424.90      1.2
425.00      1.2
425.10      1.2
425.20      1.2
425.30      1.2
425.40      1.2
425.50      1.2
425.60      1.2
425.70      1.2
425.80      1.2
425.90      1.2
426.00      1.2
426.10      1.2
426.20      1.2
426.30      1.2
426.40      1.2
426.50      1.2
426.60      1.2
426.70      1.2
426.80      1.2
426.90      1.2
427.00      1.2
427.10      1.2
427.20      1.2
427.30      1.2
427.40      1.2
427.50      1.2
427.60      1.2
427.70      1.2
427.80      1.2
427.90      1.2
428.00      1.2
428.10      1.2
428.20      1.2
428.30      1.2
428.40      1.2
428.50      1.2
428.60      1.2
428.70      1.2
428.80      1.2
428.90      1.2
429.00      1.2
429.10      1.2
429.20      1.2
429.30      1.2
429.40      1.2
429.50      1.2
429.60      1.2
429.70      1.2
429.80      1.2
429.90      1.2
430.00      1.2
430.10      1.2
430.20      1.2
430.30      1.2
430.40      1.2
430.50      1.2
430.60      1.2
430.70      1.2
430.80      1.2
430.90      1.2
431.00      1.2
431.10      1.2
431.20      1.2
431.30      1.2
431.40      1.2
431.50      1.2
431.60      1.2
431.70      1.2
431.80      1.2
431.90      1.2
432.00      1.2
432.10      1.2
432.20      1.2
432.30      1.2
432.40      1.2
432.50      1.2
432.60      1.2
432.70      1.2
432.80      1.2
432.90      1.2
433.00      1.2
433.10      1.2
433.20      1.2
433.30      1.2
433.40      1.2
433.50      1.2
433.60      1.2
433.70      1.2
433.80      1.2
433.90      1.2
434.00      1.2
434.10      1.2
434.20      1.2
434.30      1.2
434.40      1.2
434.50      1.2
434.60      1.2
434.70      1.2
434.80      1.2
434.90      1.2
435.00      1.2
435.10      1.2
435.20      1.2
435.30      1.2
435.40      1.2
435.50      1.2
435.60      1.2
435.70      1.2
435.80      1.2
435.90      1.2
436.00      1.2
436.10      1.2
436.20      1.2
436.30      1.2
436.40      1.2
436.50      1.2
436.60      1.2
436.70      1.2
436.80      1.2
436.90      1.2
437.00      1.2
437.10      1.2
437.20      1.2
437.30      1.2
437.40      1.2
437.50      1.2
437.60      1.2
437.70      1.2
437.80      1.2
437.90      1.2
438.00      1.2
438.10      1.2
438.20      1.2
438.30      1.2
438.40      1.2
438.50      1.2
438.60      1.2
438.70      1.2
438.80      1.2
438.90      1.2
439.00      1.2
439.10      1.2
439.20      1.2
439.30      1.2
439.40      1.2
439.50      1.2
439.60      1.2
439.70      1.2
439.80      1.2
439.90      1.2
440.00      1.2
440.10      1.2
440.20      1.2
440.30      1.2
440.40      1.2
440.50      1.2
440.60      1.2
440.70      1.2
440.80      1.2
440.90      1.2
441.00      1.2
441.10      1.2
441.20      1.2
441.30      1.2
441.40      1.2
441.50      1.2
441.60      1.2
441.70      1.2
441.80      1.2
441.90      1.2
442.00      1.2
442.10      1.2
442.20      1.2
442.30      1.2
442.40      1.2
442.50      1.2
442.60      1.2
442.70      1.2
442.80      1.2
442.90      1.2
443.00      1.2
443.10      1.2
443.20      1.2
443.30      1.2
443.40      1.2
443.50      1.2
443.60      1.2
443.70      1.2
443.80      1.2
443.90      1.2
444.00      1.2
444.10      1.2
444.20      1.2
444.30      1.2
444.40      1.2
444.50      1.2
444.60      1.2
444.70      1.2
444.80      1.2
444.90      1.2
445.00      1.2
445.10      1.2
445.20      1.2
445.30      1.2
445.40      1.2
445.50      1.2
445.60      1.2
445.70      1.2
445.80      1.2
445.90      1.2
446.00      1.2
446.10      1.2
446.20      1.2
446.30      1.2
446.40      1.2
446.50      1.2
446.60      1.2
446.70      1.2
446.80      1.2
446.90      1.2
447.00      1.2
447.10      1.2
447.20      1.2
447.30      1.2
447.40      1.2
447.50      1.2
447.60      1.2
447.70      1.2
447.80      1.2
447.90      1.2
448.00      1.2
448.10      1.2
448.20      1.2
448.30      1.2
448.40      1.2
448.50      1.2
448.60      1.2
448.70      1.2
448.80      1.2
448.90      1.2
449.00      1.2
449.10      1.2
449.20      1.2
449.30      1.2
449.40      1.2
449.50      1.2
449.60      1.2
449.70      1.2
449.80      1.2
449.90      1.2
450.00      1.2
450.10      1.2
450.20      1.2
450.30      1.2
450.40      1.2
450.50      1.2
450.60      1.2
450.70      1.2
450.80      1.2
450.90      1.2
451.00      1.2
451.10      1.2
451.20      1.2
451.30      1.2
451.40      1.2
451.50      1.2
451.60      1.2
451.70      1.2
451.80      1.2
451.90      1.2
452.00      1.2
452.10      1.2
452.20      1.2
452.30      1.2
452.40      1.2
452.50      1.2
452.60      1.2
452.70      1.2
452.80      1.2
452.90      1.2
453.00      1.2
453.10      1.2
453.20      1.2
453.30      1.5
453.40      1.2
453.50      1.2
453.60      1.2
453.70      1.2
453.80      1.2
453.90      1.2
454.00      1.2
454.10      1.2
454.20      1.2
454.30      1.2
454.40      1.2
454.50      1.2
454.60      1.2
454.70      1.2
454.80      1.2
454.90      1.5
455.00      1.2
455.10      1.2
455.20      1.2
455.30      1.2
455.40      1.2
455.50      1.2
455.60      1.2
455.70      1.5
455.80      1.2
455.90      1.2
456.00      1.2
456.10      1.2
456.20      1.2
456.30      1.2
456.40      1.2
456.50      1.5
456.60      1.2
456.70      1.2
456.80      1.2
456.90      1.2
457.00      1.2
457.10      1.2
457.20      1.2
457.30      1.2
457.40      1.2
457.50      1.2
457.60      1.2
457.70      1.2
457.80      1.2
457.90      1.2
458.00      1.2
458.10      1.2
458.20      1.2
458.30      1.2
458.40      1.2
458.50      1.2
458.60      1.2
458.70      1.2
458.80      1.2
458.90      1.5
459.00      1.2
459.10      1.2
459.20      1.2
459.30      1.2
459.40      1.2
459.50      1.2
459.60      1.2
459.70      1.2
459.80      1.2
459.90      1.2
460.00      1.2
460.10      1.2
460.20      1.2
460.30      1.2
460.40      1.2
460.50      1.5
460.60      1.2
460.70      1.2
460.80      1.2
460.90      1.2
461.00      1.2
461.10      1.2
461.20      1.2
461.30      1.5
461.40      1.2
461.50      1.2
461.60      1.2
461.70      1.2
461.80      1.2
461.90      1.5
462.00      1.2
462.10      1.5
462.20      1.2
462.30      1.2
462.40      1.2
462.50      1.2
462.60      1.2
462.70      1.2
462.80      1.2
462.90      1.2
463.00      1.2
463.10      1.2
463.20      1.2
463.30      1.2
463.40      1.2
463.50      1.2
463.60      1.2
463.70      1.2
463.80      1.2
463.90      1.2
464.00      1.2
464.10      1.2
464.20      1.2
464.30      1.2
464.40      1.2
464.50      1.2
464.60      1.2
464.70      1.2
464.80      1.2
464.90      1.2
465.00      1.2
465.10      1.2
465.20      1.2
465.30      1.2
465.40      1.2
465.50      1.2
465.60      1.2
465.70      1.2
465.80      1.2
465.90      1.2
466.00      1.2
466.10      1.2
466.20      1.2
466.30      1.2
466.40      1.2
466.50      1.2
466.60      1.2
466.70      1.2
466.80      1.2
466.90      1.2
467.00      1.2
467.10      1.2
467.20      1.2
467.30      1.2
467.40      1.2
467.50      1.2
467.60      1.2
467.70      1.2
467.80      1.2
467.90      1.2
468.00      1.2
468.10      1.2
468.20      1.2
468.30      1.2
468.40      1.2
468.50      1.2
468.60      1.2
468.70      1.2
468.80      1.2
468.90      1.2
469.00      1.2
469.10      1.2
469.20      1.2
469.30      1.2
469.40      1.2
469.50      1.2
469.60      1.2
469.70      1.2
469.80      1.2
469.90      1.2
470.00      1.2
470.10      1.2
470.20      1.2
470.30      1.2
470.40      1.2
470.50      1.2
470.60      1.2
470.70      1.2
470.80      1.2
470.90      1.2
471.00      1.2
471.10      1.2
471.20      1.2
471.30      1.2
471.40      1.2
471.50      1.2
471.60      1.2
471.70      1.2
471.80      1.2
471.90      1.2
472.00      1.2
472.10      1.2
472.20      1.2
472.30      1.2
472.40      1.2
472.50      1.2
472.60      1.2
472.70      1.2
472.80      1.2
472.90      1.2
473.00      1.2
473.10      1.2
473.20      1.2
473.30      1.2
473.40      1.2
473.50      1.2
473.60      1.2
473.70      1.2
473.80      1.2
473.90      1.2
474.00      1.2
474.10      1.2
474.20      1.2
474.30      1.2
474.40      1.2
474.50      1.2
474.60      1.2
474.70      1.2
474.80      1.2
474.90      1.2
475.00      1.2
475.10      1.2
475.20      1.2
475.30      1.2
475.40      1.2
475.50      1.2
475.60      1.2
475.70      1.2
475.80      1.2
475.90      1.2
476.00      1.2
476.10      1.2
476.20      1.2
476.30      1.2
476.40      1.2
476.50      1.2
476.60      1.2
476.70      1.2
476.80      1.2
476.90      1.2
477.00      1.2
477.10      1.2
477.20      1.2
477.30      1.2
477.40      1.2
477.50      1.2
477.60      1.2
477.70      1.2
477.80      1.2
477.90      1.2
478.00      1.2
478.10      1.2
478.20      1.2
478.30      1.2
478.40      1.2
478.50      1.2
478.60      1.2
478.70      1.2
478.80      1.2
478.90      1.2
479.00      1.2
479.10      1.2
479.20      1.2
479.30      1.2
479.40      1.2
479.50      1.2
479.60      1.2
479.70      1.2
479.80      1.2
479.90      1.2
480.00      1.2
480.10      1.2
480.20      1.2
480.30      1.2
480.40      1.2
480.50      1.2
480.60      1.2
480.70      1.2
480.80      1.2
480.90      1.2
481.00      1.2
481.10      1.2
481.20      1.2
481.30      1.2
481.40      1.2
481.50      1.2
481.60      1.2
481.70      1.2
481.80      1.2
481.90      1.2
482.00      1.2
482.10      1.2
482.20      1.2
482.30      1.2
482.40      1.2
482.50      1.2
482.60      1.2
482.70      1.2
482.80      1.2
482.90      1.2
483.00      1.2
483.10      1.2
483.20      1.2
483.30      1.2
483.40      1.2
483.50      1.2
483.60      1.2
483.70      1.2
483.80      1.2
483.90      1.2
484.00      1.2
484.10      1.2
484.20      1.2
484.30      1.2
484.40      1.2
484.50      1.2
484.60      1.2
484.70      1.2
484.80      1.2
484.90      1.2
485.00      1.2
485.10      1.2
485.20      1.2
485.30      1.2
485.40      1.2
485.50      1.2
485.60      1.2
485.70      1.2
485.80      1.2
485.90      1.2
486.00      1.2
486.10      1.2
486.20      1.2
486.30      1.2
486.40      1.2
486.50      1.2
486.60      1.2
486.70      1.2
486.80      1.2
486.90      1.2
487.00      1.2
487.10      1.2
487.20      1.2
487.30      1.2
487.40      1.2
487.50      1.2
487.60      1.2
487.70      1.2
487.80      1.2
487.90      1.2
488.00      1.2
488.10      1.2
488.20      1.2
488.30      1.2
488.40      1.2
488.50      1.2
488.60      1.2
488.70      1.2
488.80      1.2
488.90      1.2
489.00      1.2
489.10      1.2
489.20      1.2
489.30      1.2
489.40      1.2
489.50      1.2
489.60      1.2
489.70      1.2
489.80      1.2
489.90      1.2
490.00      1.2
490.10      1.2
490.20      1.2
490.30      1.2
490.40      1.2
490.50      1.2
490.60      1.2
490.70      1.2
490.80      1.2
490.90      1.2
491.00      1.2
491.10      1.2
491.20      1.2
491.30      1.2
491.40      1.2
491.50      1.2
491.60      1.2
491.70      1.2
491.80      1.2
491.90      1.2
492.00      1.2
492.10      1.2
492.20      1.2
492.30      1.2
492.40      1.2
492.50      1.2
492.60      1.2
492.70      1.2
492.80      1.2
492.90      1.2
493.00      1.2
493.10      1.2
493.20      1.2
493.30      1.2
493.40      1.2
493.50      1.2
493.60      1.2
493.70      1.2
493.80      1.2
493.90      1.2
494.00      1.2
494.10      1.2
494.20      1.2
494.30      1.2
494.40      1.2
494.50      1.2
494.60      1.2
494.70      1.2
494.80      1.2
494.90      1.2
495.00      1.2
495.10      1.2
495.20      1.2
495.30      1.2
495.40      1.2
495.50      1.2
495.60      1.2
495.70      1.2
495.80      1.2
495.90      1.2
496.00      1.2
496.10      1.2
496.20      1.2
496.30      1.2
496.40      1.2
496.50      1.2
496.60      1.2
496.70      1.2
496.80      1.2
496.90      1.2
497.00      1.2
497.10      1.2
497.20      1.2
497.30      1.2
497.40      1.2
497.50      1.2
497.60      1.2
497.70      1.2
497.80      1.2
497.90      1.2
498.00      1.2
498.10      1.2
498.20      1.2
498.30      1.2
498.40      1.2
498.50      1.2
498.60      1.2
498.70      1.2
498.80      1.2
498.90      1.2
499.00      1.2
499.10      1.2
499.20      1.2
499.30      1.2
499.40      1.2
499.50      1.2
499.60      1.2
499.70      1.2
499.80      1.2
499.90      1.2
500.00      1.2
500.10      1.2
500.20      1.2
500.30      1.2
500.40      1.2
500.50      1.2
500.60      1.2
500.70      1.2
500.80      1.2
500.90      1.2
501.00      1.2
501.10      1.2
501.20      1.2
501.30      1.2
501.40      1.2
501.50      1.2
501.60      1.2
501.70      1.2
501.80      1.2
501.90      1.2
502.00      1.2
502.10      1.2
502.20      1.2
502.30      1.2
502.40      1.2
502.50      1.2
502.60      1.2
502.70      1.2
502.80      1.2
502.90      1.2
503.00      1.2
503.10      1.2
503.20      1.2
503.30      1.2
503.40      1.2
503.50      1.2
503.60      1.2
503.70      1.2
503.80      1.2
503.90      1.2
504.00      1.2
504.10      1.2
504.20      1.2
504.30      1.2
504.40      1.2
504.50      1.2
504.60      1.2
504.70      1.2
504.80      1.2
504.90      1.2
505.00      1.2
505.10      1.2
505.20      1.2
505.30      1.2
505.40      1.2
505.50      1.2
505.60      1.2
505.70      1.2
505.80      1.2
505.90      1.2
506.00      1.2
506.10      1.2
506.20      1.2
506.30      1.2
506.40      1.2
506.50      1.2
506.60      1.2
506.70      1.2
506.80      1.2
506.90      1.2
507.00      1.2
507.10      1.2
507.20      1.2
507.30      1.2
507.40      1.2
507.50      1.2
507.60      1.2
507.70      1.2
507.80      1.2
507.90      1.2
508.00      1.2
508.10      1.2
508.20      1.2
508.30      1.2
508.40      1.2
508.50      1.2
508.60      1.2
508.70      1.2
508.80      1.2
508.90      1.2
509.00      1.2
509.10      1.2
509.20      1.2
509.30      1.2
509.40      1.2
509.50      1.2
509.60      1.2
509.70      1.2
509.80      1.2
509.90      1.2
510.00      1.2
510.10      1.2
510.20      1.2
510.30      1.2
510.40      1.2
510.50      1.2
510.60      1.2
510.70      1.2
510.80      1.2
510.90      1.2
511.00      1.2
511.10      1.2
511.20      1.2
511.30      1.2
511.40      1.2
511.50      1.2
511.60      1.2
511.70      1.2
511.80      1.2
511.90      1.2
512.00      1.2
512.10      1.2
512.20      1.2
512.30      1.2
512.40      1.2
512.50      1.2
512.60      1.2
512.70      1.2
512.80      1.2
512.90      1.2
513.00      1.2
513.10      1.2
513.20      1.2
513.30      1.2
513.40      1.2
513.50      1.2
513.60      1.2
513.70      1.2
513.80      1.2
513.90      1.2
514.00      1.2
514.10      1.2
514.20      1.2
514.30      1.2
514.40      1.2
514.50      1.2
514.60      1.2
514.70      1.2
514.80      1.2
514.90      1.2
515.00      1.2
515.10      1.2
515.20      1.2
515.30      1.2
515.40      1.2
515.50      1.2
515.60      1.2
515.70      1.2
515.80      1.2
515.90      1.2
516.00      1.2
516.10      1.2
516.20      1.2
516.30      1.2
516.40      1.2
516.50      1.2
516.60      1.2
516.70      1.2
516.80      1.2
516.90      1.2
517.00      1.2
517.10      1.2
517.20      1.2
517.30      1.2
517.40      1.2
517.50      1.2
517.60      1.2
517.70      1.2
517.80      1.2
517.90      1.2
518.00      1.2
518.10      1.2
518.20      1.2
518.30      1.2
518.40      1.2
518.50      1.2
518.60      1.2
518.70      1.2
518.80      1.2
518.90      1.2
519.00      1.2
519.10      1.2
519.20      1.2
519.30      1.2
519.40      1.2
519.50      1.2
519.60      1.2
519.70      1.2
519.80      1.2
519.90      1.2
520.00      1.2
520.10      1.2
520.20      1.2
520.30      1.2
520.40      1.2
520.50      1.2
520.60      1.2
520.70      1.2
520.80      1.2
520.90      1.2
521.00      1.2
521.10      1.2
521.20      1.2
521.30      1.2
521.40      1.2
521.50      1.2
521.60      1.2
521.70      1.2
521.80      1.2
521.90      1.2
522.00      1.2
522.10      1.2
522.20      1.2
522.30      1.2
522.40      1.2
522.50      1.2
522.60      1.2
522.70      1.2
522.80      1.2
522.90      1.2
523.00      1.2
523.10      1.2
523.20      1.2
523.30      1.2
523.40      1.2
523.50      1.2
523.60      1.2
523.70      1.2
523.80      1.2
523.90      1.2
524.00      1.2
524.10      1.2
524.20      1.2
524.30      1.2
524.40      1.2
524.50      1.2
524.60      1.2
524.70      1.2
524.80      1.2
524.90      1.2
525.00      1.2
525.10      1.2
525.20      1.2
525.30      1.2
525.40      1.2
525.50      1.2
525.60      1.2
525.70      1.2
525.80      1.2
525.90      1.2
526.00      1.2
526.10      1.2
526.20      1.2
526.30      1.2
526.40      1.2
526.50      1.2
526.60      1.2
526.70      1.2
526.80      1.2
526.90      1.2
527.00      1.2
527.10      1.2
527.20      1.2
527.30      1.2
527.40      1.2
527.50      1.2
527.60      1.2
527.70      1.2
527.80      1.2
527.90      1.2
528.00      1.2
528.10      1.2
528.20      1.2
528.30      1.2
528.40      1.2
528.50      1.2
528.60      1.2
528.70      1.2
528.80      1.2
528.90      1.2
529.00      1.2
529.10      1.2
529.20      1.2
529.30      1.2
529.40      1.2
529.50      1.2
529.60      1.2
529.70      1.2
529.80      1.2
529.90      1.2
530.00      1.2
530.10      1.2
530.20      1.2
530.30      1.2
530.40      1.2
530.50      1.2
530.60      1.2
530.70      1.2
530.80      1.2
530.90      1.2
531.00      1.2
531.10      1.2
531.20      1.2
531.30      1.2
531.40      1.2
531.50      1.2
531.60      1.2
531.70      1.2
531.80      1.2
531.90      1.2
532.00      1.2
532.10      1.2
532.20      1.2
532.30      1.2
532.40      1.2
532.50      1.2
532.60      1.2
532.70      1.2
532.80      1.2
532.90      1.2
533.00      1.2
533.10      1.2
533.20      1.2
533.30      1.2
533.40      1.2
533.50      1.2
533.60      1.2
533.70      1.2
533.80      1.2
533.90      1.2
534.00      1.2
534.10      1.2
534.20      1.2
534.30      1.2
534.40      1.2
534.50      1.2
534.60      1.2
534.70      1.2
534.80      1.2
534.90      1.2
535.00      1.2
535.10      1.2
535.20      1.2
535.30      1.2
535.40      1.2
535.50      1.2
535.60      1.2
535.70      1.2
535.80      1.2
535.90      1.2
536.00      1.2
536.10      1.2
536.20      1.2
536.30      1.2
536.40      1.2
536.50      1.2
536.60      1.2
536.70      1.2
536.80      1.2
536.90      1.2
537.00      1.2
537.10      1.2
537.20      1.2
537.30      1.2
537.40      1.2
537.50      1.2
537.60      1.2
537.70      1.2
537.80      1.2
537.90      1.2
538.00      1.2
538.10      1.2
538.20      1.2
538.30      1.2
538.40      1.2
538.50      1.2
538.60      1.2
538.70      1.2
538.80      1.2
538.90      1.2
539.00      1.2
539.10      1.2
539.20      1.2
539.30      1.2
539.40      1.2
539.50      1.2
539.60      1.2
539.70      1.2
539.80      1.2
539.90      1.2
540.00      1.2
540.10      1.2
540.20      1.2
540.30      1.2
540.40      1.2
540.50      1.2
540.60      1.2
540.70      1.2
540.80      1.2
540.90      1.2
541.00      1.2
541.10      1.2
541.20      1.2
541.30      1.2
541.40      1.2
541.50      1.2
541.60      1.2
541.70      1.2
541.80      1.2
541.90      1.2
542.00      1.2
542.10      1.2
542.20      1.2
542.30      1.2
542.40      1.2
542.50      1.2
542.60      1.2
542.70      1.2
542.80      1.2
542.90      1.2
543.00      1.2
543.10      1.2
543.20      1.2
543.30      1.2
543.40      1.2
543.50      1.2
543.60      1.2
543.70      1.2
543.80      1.2
543.90      1.2
544.00      1.2
544.10      1.2
544.20      1.2
544.30      1.2
544.40      1.2
544.50      1.2
544.60      1.2
544.70      1.2
544.80      1.2
544.90      1.2
545.00      1.2
545.10      1.2
545.20      1.2
545.30      1.2
545.40      1.2
545.50      1.2
545.60      1.2
545.70      1.2
545.80      1.2
545.90      1.2
546.00      1.2
546.10      1.2
546.20      1.2
546.30      1.2
546.40      1.2
546.50      1.2
546.60      1.2
546.70      1.2
546.80      1.2
546.90      1.2
547.00      1.2
547.10      1.2
547.20      1.2
547.30      1.2
547.40      1.2
547.50      1.2
547.60      1.2
547.70      1.2
547.80      1.2
547.90      1.2
548.00      1.2
548.10      1.2
548.20      1.2
548.30      1.2
548.40      1.2
548.50      1.2
548.60      1.2
548.70      1.2
548.80      1.2
548.90      1.2
549.00      1.2
549.10      1.2
549.20      1.2
549.30      1.2
549.40      1.2
549.50      1.2
549.60      1.2
549.70      1.2
549.80      1.2
549.90      1.2
550.00      1.2
550.10      1.2
550.20      1.2
550.30      1.2
550.40      1.2
550.50      1.2
550.60      1.2
550.70      1.2
550.80      1.2
550.90      1.2
551.00      1.2
551.10      1.2
551.20      1.2
551.30      1.2
551.40      1.2
551.50      1.2
551.60      1.2
551.70      1.2
551.80      1.2
551.90      1.2
552.00      1.2
552.10      1.2
552.20      1.2
552.30      1.2
552.40      1.2
552.50      1.2
552.60      1.2
552.70      1.2
552.80      1.2
552.90      1.2
553.00      1.2
553.10      1.2
553.20      1.2
553.30      1.2
553.40      1.2
553.50      1.2
553.60      1.2
553.70      1.2
553.80      1.2
553.90      1.2
554.00      1.2
554.10      1.2
554.20      1.2
554.30      1.2
554.40      1.2
554.50      1.2
554.60      1.2
554.70      1.2
554.80      1.2
554.90      1.2
555.00      1.2
555.10      1.2
555.20      1.2
555.30      1.2
555.40      1.2
555.50      1.2
555.60      1.2
555.70      1.2
555.80      1.2
555.90      1.2
556.00      1.2
556.10      1.2
556.20      1.2
556.30      1.2
556.40      1.2
556.50      1.2
556.60      1.2
556.70      1.2
556.80      1.2
556.90      1.2
557.00      1.2
557.10      1.2
557.20      1.2
557.30      1.2
557.40      1.2
557.50      1.2
557.60      1.2
557.70      1.2
557.80      1.2
557.90      1.2
558.00      1.2
558.10      1.2
558.20      1.2
558.30      1.2
558.40      1.2
558.50      1.2
558.60      1.2
558.70      1.2
558.80      1.2
558.90      1.5
559.00      1.2
559.10      1.5
559.20      1.2
559.30      1.2
559.40      1.2
559.50      1.5
559.60      1.2
559.70      1.5
559.80      1.2
559.90      1.5
560.00      1.2
560.10      1.5
560.20      1.2
560.30      1.5
560.40      1.2
560.50      1.5
560.60      1.5
560.70      1.5
560.80      1.2
560.90      1.5
561.00      1.2
561.10      1.5
561.20      1.5
561.30      1.5
561.40      1.5
561.50      1.5
561.60      1.5
561.70      1.5
561.80      1.5
561.90      1.5
562.00      1.5
562.10      1.5
562.20      1.5
562.30      1.5
562.40      1.5
562.50      1.5
562.60      1.5
562.70      1.5
562.80      1.5
562.90      1.5
563.00      1.5
563.10      1.5
563.20      1.5
563.30      1.5
563.40      1.5
563.50      1.5
563.60      1.5
563.70      1.5
563.80      1.5
563.90      1.5
564.00      1.5
564.10      1.5
564.20      1.5
564.30      1.5
564.40      1.5
564.50      1.5
564.60      1.5
564.70      1.5
564.80      1.5
564.90      1.5
565.00      1.5
565.10      1.5
565.20      1.5
565.30      1.7
565.40      1.5
565.50      1.7
565.60      1.5
565.70      1.7
565.80      1.5
565.90      1.7
566.00      1.7
566.10      1.7
566.20      1.7
566.30      1.7
566.40      1.7
566.50      1.7
566.60      1.7
566.70      1.7
566.80      1.7
566.90      1.7
567.00      1.7
567.10      1.7
567.20      1.7
567.30      1.7
567.40      1.7
567.50      1.7
567.60      1.7
567.70      1.7
567.80      1.7
567.90      1.7
568.00      1.7
568.10      1.7
568.20      1.7
568.30      1.7
568.40      1.7
568.50      1.7
568.60      1.7
568.70      1.7
568.80      1.7
568.90      1.7
569.00      1.7
569.10      2.0
569.20      1.7
569.30      2.0
569.40      1.7
569.50      2.0
569.60      2.0
569.70      2.0
569.80      2.0
569.90      2.0
570.00      2.0
570.10      2.0
570.20      2.0
570.30      2.0
570.40      2.0
570.50      2.0
570.60      2.0
570.70      2.0
570.80      2.0
570.90      2.0
571.00      2.0
571.10      2.0
571.20      2.0
571.30      2.0
571.40      2.0
571.50      2.0
571.60      2.0
571.70      2.0
571.80      2.0
571.90      2.0
572.00      2.0
572.10      2.2
572.20      2.2
572.30      2.2
572.40      2.2
572.50      2.2
572.60      2.2
572.70      2.2
572.80      2.2
572.90      2.2
573.00      2.2
573.10      2.2
573.20      2.2
573.30      2.2
573.40      2.2
573.50      2.2
573.60      2.2
573.70      2.2
573.80      2.2
573.90      2.2
574.00      2.2
574.10      2.4
574.20      2.2
574.30      2.4
574.40      2.4
574.50      2.4
574.60      2.4
574.70      2.4
574.80      2.4
574.90      2.4
575.00      2.4
575.10      2.4
575.20      2.4
575.30      2.4
575.40      2.4
575.50      2.4
575.60      2.4
575.70      2.4
575.80      2.4
575.90      2.7
576.00      2.7
576.10      2.7
576.20      2.7
576.30      2.7
576.40      2.7
576.50      2.7
576.60      2.7
576.70      2.7
576.80      2.7
576.90      2.7
577.00      2.7
577.10      2.7
577.20      2.7
577.30      2.7
577.40      2.7
577.50      2.9
577.60      2.9
577.70      2.9
577.80      2.9
577.90      2.9
578.00      2.9
578.10      2.9
578.20      2.9
578.30      2.9
578.40      2.9
578.50      3.2
578.60      3.2
578.70      3.2
578.80      3.2
578.90      3.2
579.00      3.2
579.10      3.2
579.20      3.2
579.30      3.2
579.40      3.2
579.50      3.4
579.60      3.4
579.70      3.4
579.80      3.4
579.90      3.4
580.00      3.4
580.10      3.4
580.20      3.4
580.30      3.4
580.40      3.4
580.50      3.4
580.60      3.4
580.70      3.7
580.80      3.7
580.90      3.7
581.00      3.7
581.10      3.7
581.20      3.7
581.30      3.7
581.40      3.7
581.50      3.9
581.60      3.9
581.70      3.9
581.80      3.9
581.90      3.9
582.00      3.9
582.10      3.9
582.20      3.9
582.30      4.2
582.40      4.2
582.50      4.2
582.60      4.2
582.70      4.2
582.80      4.2
582.90      4.2
583.00      4.2
583.10      4.4
583.20      4.4
583.30      4.4
583.40      4.4
583.50      4.4
583.60      4.4
583.70      4.4
583.80      4.4
583.90      4.6
584.00      4.6
584.10      4.6
584.20      4.6
584.30      4.6
584.40      4.6
584.50      4.6
584.60      4.6
584.70      4.9
584.80      4.9
584.90      4.9
585.00      4.9
585.10      4.9
585.20      4.9
585.30      5.1
585.40      5.1
585.50      5.1
585.60      5.1
585.70      5.1
585.80      5.1
585.90      5.4
586.00      5.4
586.10      5.4
586.20      5.4
586.30      5.4
586.40      5.4
586.50      5.6
586.60      5.6
586.70      5.6
586.80      5.6
586.90      5.6
587.00      5.6
587.10      5.9
587.20      5.9
587.30      5.9
587.40      5.9
587.50      6.1
587.60      6.1
587.70      6.1
587.80      6.1
587.90      6.1
588.00      6.1
588.10      6.3
588.20      6.3
588.30      6.3
588.40      6.3
588.50      6.6
588.60      6.6
588.70      6.6
588.80      6.6
588.90      6.8
589.00      6.8
589.10      6.8
589.20      6.8
589.30      7.1
589.40      7.1
589.50      7.1
589.60      7.1
589.70      7.3
589.80      7.3
589.90      7.3
590.00      7.6
590.10      7.6
590.20      7.6
590.30      7.8
590.40      7.8
590.50      7.8
590.60      7.8
590.70      8.1
590.80      8.1
590.90      8.1
591.00      8.3
591.10      8.3
591.20      8.3
591.30      8.5
591.40      8.5
591.50      8.5
591.60      8.8
591.70      8.8
591.80      8.8
591.90      9.0
592.00      9.0
592.10      9.3
592.20      9.3
592.30      9.3
592.40      9.5
592.50      9.5
592.60      9.5
592.70      9.8
592.80      9.8
592.90      10.0
593.00      10.0
593.10      10.0
593.20      10.3
593.30      10.3
593.40      10.5
593.50      10.5
593.60      10.5
593.70      10.7
593.80      10.7
593.90      11.0
594.00      11.0
594.10      11.2
594.20      11.2
594.30      11.5
594.40      11.5
594.50      11.7
594.60      11.7
594.70      12.0
594.80      12.0
594.90      12.2
595.00      12.2
595.10      12.5
595.20      12.5
595.30      12.7
595.40      12.7
595.50      12.9
595.60      12.9
595.70      13.2
595.80      13.2
595.90      13.4
596.00      13.4
596.10      13.7
596.20      13.7
596.30      13.9
596.40      13.9
596.50      14.2
596.60      14.2
596.70      14.4
596.80      14.4
596.90      14.7
597.00      14.7
597.10      14.9
597.20      14.9
597.30      15.1
597.40      15.4
597.50      15.4
597.60      15.6
597.70      15.9
597.80      15.9
597.90      16.1
598.00      16.1
598.10      16.4
598.20      16.6
598.30      16.6
598.40      16.8
598.50      16.8
598.60      17.1
598.70      17.3
598.80      17.3
598.90      17.6
599.00      17.6
599.10      17.8
599.20      18.1
599.30      18.1
599.40      18.3
599.50      18.6
599.60      18.6
599.70      18.8
599.80      19.0
599.90      19.0
600.00      19.3
600.10      19.5
600.20      19.5
600.30      19.8
600.40      20.0
600.50      20.3
600.60      20.3
600.70      20.5
600.80      20.8
600.90      21.0
601.00      21.0
601.10      21.2
601.20      21.5
601.30      21.7
601.40      21.7
601.50      22.0
601.60      22.2
601.70      22.5
601.80      22.5
601.90      22.7
602.00      23.0
602.10      23.2
602.20      23.4
602.30      23.7
602.40      23.7
602.50      23.9
602.60      24.2
602.70      24.4
602.80      24.7
602.90      24.9
603.00      25.2
603.10      25.4
603.20      25.6
603.30      25.9
603.40      26.1
603.50      26.4
603.60      26.6
603.70      26.9
603.80      27.1
603.90      27.4
604.00      27.6
604.10      27.8
604.20      28.1
604.30      28.6
604.40      28.8
604.50      29.1
604.60      29.3
604.70      29.5
604.80      29.8
604.90      30.3
605.00      30.5
605.10      30.8
605.20      31.3
605.30      31.5
605.40      31.7
605.50      32.2
605.60      32.5
605.70      33.0
605.80      33.2
605.90      33.5
606.00      33.9
606.10      34.2
606.20      34.4
606.30      34.9
606.40      35.2
606.50      35.7
606.60      35.9
606.70      36.4
606.80      36.6
606.90      37.1
607.00      37.4
607.10      37.9
607.20      38.3
607.30      38.6
607.40      39.1
607.50      39.6
607.60      39.8
607.70      40.3
607.80      40.8
607.90      41.3
608.00      41.5
608.10      42.0
608.20      42.5
608.30      43.0
608.40      43.2
608.50      43.7
608.60      44.2
608.70      44.7
608.80      45.2
608.90      45.7
609.00      46.2
609.10      46.6
609.20      47.1
609.30      47.6
609.40      48.1
609.50      48.6
609.60      49.1
609.70      49.6
609.80      50.1
609.90      50.5
610.00      51.0
610.10      51.5
610.20      52.3
610.30      52.7
610.40      53.2
610.50      54.0
610.60      54.5
610.70      54.9
610.80      55.7
610.90      56.2
611.00      56.7
611.10      57.1
611.20      57.9
611.30      58.4
611.40      58.9
611.50      59.6
611.60      60.1
611.70      60.8
611.80      61.3
611.90      61.8
612.00      62.5
612.10      63.0
612.20      63.5
612.30      64.0
612.40      64.5
612.50      65.2
612.60      65.7
612.70      66.4
612.80      66.9
612.90      67.6
613.00      68.1
613.10      68.9
613.20      69.6
613.30      70.1
613.40      70.8
613.50      71.6
613.60      72.0
613.70      72.8
613.80      73.5
613.90      74.2
614.00      74.7
614.10      75.5
614.20      76.2
614.30      76.9
614.40      77.4
614.50      78.1
614.60      78.9
614.70      79.6
614.80      80.3
614.90      81.1
615.00      81.8
615.10      82.5
615.20      83.0
615.30      83.8
615.40      84.5
615.50      85.2
615.60      86.0
615.70      86.7
615.80      87.4
615.90      88.2
616.00      88.9
616.10      89.6
616.20      90.4
616.30      91.3
616.40      91.8
616.50      92.8
616.60      93.5
616.70      94.3
616.80      95.0
616.90      96.0
617.00      96.7
617.10      97.4
617.20      98.2
617.30      99.1
617.40      99.9
617.50      100.6
617.60      101.6
617.70      102.3
617.80      103.3
617.90      104.0
618.00      105.0
618.10      105.7
618.20      106.7
618.30      107.7
618.40      108.4
618.50      109.4
618.60      110.4
618.70      111.4
618.80      112.3
618.90      113.3
619.00      114.3
619.10      115.3
619.20      116.0
619.30      117.2
619.40      118.2
619.50      119.2
619.60      120.1
619.70      121.4
619.80      122.3
619.90      123.6
620.00      124.5
620.10      125.8
620.20      126.7
620.30      128.0
620.40      129.2
620.50      130.2
620.60      131.4
620.70      132.6
620.80      133.8
620.90      135.0
621.00      136.3
621.10      137.5
621.20      138.7
621.30      140.2
621.40      141.4
621.50      142.6
621.60      143.8
621.70      145.3
621.80      146.8
621.90      148.0
622.00      149.5
622.10      150.9
622.20      152.1
622.30      153.6
622.40      155.1
622.50      156.5
622.60      158.0
622.70      159.5
622.80      160.9
622.90      162.4
623.00      163.9
623.10      165.6
623.20      167.0
623.30      168.5
623.40      170.2
623.50      171.7
623.60      173.4
623.70      175.1
623.80      176.8
623.90      178.3
624.00      180.0
624.10      181.7
624.20      183.4
624.30      185.1
624.40      186.8
624.50      188.8
624.60      190.5
624.70      192.2
624.80      194.1
624.90      195.8
625.00      197.6
625.10      199.5
625.20      201.2
625.30      203.2
625.40      205.1
625.50      207.3
625.60      209.0
625.70      211.2
625.80      213.2
625.90      215.1
626.00      216.8
626.10      219.0
626.20      221.2
626.30      223.4
626.40      225.4
626.50      227.6
626.60      229.5
626.70      231.7
626.80      233.9
626.90      236.1
627.00      238.1
627.10      240.3
627.20      242.5
627.30      244.9
627.40      246.9
627.50      248.8
627.60      251.0
627.70      253.0
627.80      254.9
627.90      257.6
628.00      259.6
628.10      262.0
628.20      264.2
628.30      266.4
628.40      268.6
628.50      270.8
628.60      273.3
628.70      275.5
628.80      277.7
628.90      280.1
629.00      282.3
629.10      284.5
629.20      286.9
629.30      289.4
629.40      291.8
629.50      294.0
629.60      296.5
629.70      298.9
629.80      301.3
629.90      303.8
630.00      306.2
630.10      308.7
630.20      311.1
630.30      313.8
630.40      316.2
630.50      318.4
630.60      321.1
630.70      323.6
630.80      326.0
630.90      328.4
631.00      330.9
631.10      333.1
631.20      335.5
631.30      338.2
631.40      340.4
631.50      342.9
631.60      345.3
631.70      347.7
631.80      349.9
631.90      352.4
632.00      354.8
632.10      357.3
632.20      359.7
632.30      362.1
632.40      364.6
632.50      366.8
632.60      369.2
632.70      371.9
632.80      374.1
632.90      376.6
633.00      379.0
633.10      381.2
633.20      383.6
633.30      386.1
633.40      388.5
633.50      390.7
633.60      392.9
633.70      395.6
633.80      397.8
633.90      400.0
634.00      402.4
634.10      404.6
634.20      406.8
634.30      409.3
634.40      411.5
634.50      413.7
634.60      415.9
634.70      418.1
634.80      420.3
634.90      422.2
635.00      424.4
635.10      426.6
635.20      428.6
635.30      430.5
635.40      432.5
635.50      434.2
635.60      436.1
635.70      437.9
635.80      439.8
635.90      441.3
636.00      443.0
636.10      444.7
636.20      446.2
636.30      447.4
636.40      448.6
636.50      449.8
636.60      450.8
636.70      451.8
636.80      452.7
636.90      453.2
637.00      454.0
637.10      454.5
637.20      454.7
637.30      454.9
637.40      454.9
637.50      454.9
637.60      454.7
637.70      454.2
637.80      454.0
637.90      453.2
638.00      452.3
638.10      451.3
638.20      450.1
638.30      448.6
638.40      447.1
638.50      445.4
638.60      443.7
638.70      441.5
638.80      439.8
638.90      437.4
639.00      434.9
639.10      432.2
639.20      429.8
639.30      426.6
639.40      423.7
639.50      420.5
639.60      417.3
639.70      413.7
639.80      410.3
639.90      406.6
640.00      402.7
640.10      398.8
640.20      394.9
640.30      390.7
640.40      386.3
640.50      382.2
640.60      377.8
640.70      373.1
640.80      368.5
640.90      363.9
641.00      359.2
641.10      354.1
641.20      349.5
641.30      344.6
641.40      339.7
641.50      334.1
641.60      329.2
641.70      324.3
641.80      319.2
641.90      314.0
642.00      308.9
642.10      303.5
642.20      298.9
642.30      294.0
642.40      289.1
642.50      284.5
642.60      279.6
642.70      274.7
642.80      270.3
642.90      265.7
643.00      261.5
643.10      256.9
643.20      252.3
643.30      248.1
643.40      244.0
643.50      239.6
643.60      235.4
643.70      231.3
643.80      226.9
643.90      223.2
644.00      219.3
644.10      215.6
644.20      212.2
644.30      208.8
644.40      205.1
644.50      201.7
644.60      198.3
644.70      194.6
644.80      191.5
644.90      188.0
645.00      184.9
645.10      181.7
645.20      178.8
645.30      175.6
645.40      172.6
645.50      169.7
645.60      166.8
645.70      164.1
645.80      161.2
645.90      158.5
646.00      155.8
646.10      153.1
646.20      150.7
646.30      148.0
646.40      145.5
646.50      143.1
646.60      140.9
646.70      138.5
646.80      136.3
646.90      134.1
647.00      131.9
647.10      129.7
647.20      127.5
647.30      125.5
647.40      123.6
647.50      121.6
647.60      119.7
647.70      117.7
647.80      115.8
647.90      114.0
648.00      112.3
648.10      110.4
648.20      108.7
648.30      107.0
648.40      105.3
648.50      103.5
648.60      102.1
648.70      100.4
648.80      98.9
648.90      97.2
649.00      95.7
649.10      94.3
649.20      92.8
649.30      91.3
649.40      89.9
649.50      88.4
649.60      86.9
649.70      85.5
649.80      84.2
649.90      82.8
650.00      81.3
650.10      80.1
650.20      78.6
650.30      77.4
650.40      76.2
650.50      75.0
650.60      73.5
650.70      72.3
650.80      71.1
650.90      69.8
651.00      68.6
651.10      67.6
651.20      66.4
651.30      65.2
651.40      64.2
651.50      63.0
651.60      61.8
651.70      60.8
651.80      59.6
651.90      58.6
652.00      57.4
652.10      56.4
652.20      55.4
652.30      54.5
652.40      53.2
652.50      52.3
652.60      51.3
652.70      50.5
652.80      49.6
652.90      48.6
653.00      47.6
653.10      46.9
653.20      45.9
653.30      45.2
653.40      44.2
653.50      43.5
653.60      42.7
653.70      41.8
653.80      41.0
653.90      40.3
654.00      39.6
654.10      38.8
654.20      38.1
654.30      37.4
654.40      36.9
654.50      36.1
654.60      35.4
654.70      34.7
654.80      34.2
654.90      33.5
655.00      33.0
655.10      32.2
655.20      31.7
655.30      31.3
655.40      30.5
655.50      30.0
655.60      29.5
655.70      29.1
655.80      28.3
655.90      27.8
656.00      27.4
656.10      26.9
656.20      26.4
656.30      25.9
656.40      25.4
656.50      24.9
656.60      24.4
656.70      24.2
656.80      23.7
656.90      23.2
657.00      22.7
657.10      22.2
657.20      22.0
657.30      21.5
657.40      21.2
657.50      20.8
657.60      20.3
657.70      20.0
657.80      19.5
657.90      19.3
658.00      18.8
658.10      18.6
658.20      18.3
658.30      18.1
658.40      17.6
658.50      17.3
658.60      17.1
658.70      16.8
658.80      16.4
658.90      16.1
659.00      15.9
659.10      15.6
659.20      15.4
659.30      15.1
659.40      14.9
659.50      14.7
659.60      14.4
659.70      14.2
659.80      13.9
659.90      13.7
660.00      13.4
660.10      13.4
660.20      13.2
660.30      12.9
660.40      12.7
660.50      12.5
660.60      12.2
660.70      12.2
660.80      12.0
660.90      11.7
661.00      11.7
661.10      11.5
661.20      11.2
661.30      11.2
661.40      11.0
661.50      10.7
661.60      10.7
661.70      10.5
661.80      10.5
661.90      10.3
662.00      10.0
662.10      10.0
662.20      9.8
662.30      9.8
662.40      9.5
662.50      9.5
662.60      9.3
662.70      9.3
662.80      9.0
662.90      9.0
663.00      8.8
663.10      8.8
663.20      8.5
663.30      8.5
663.40      8.3
663.50      8.3
663.60      8.3
663.70      8.1
663.80      8.1
663.90      7.8
664.00      7.8
664.10      7.8
664.20      7.6
664.30      7.6
664.40      7.3
664.50      7.3
664.60      7.3
664.70      7.1
664.80      7.1
664.90      7.1
665.00      6.8
665.10      6.8
665.20      6.6
665.30      6.6
665.40      6.6
665.50      6.6
665.60      6.3
665.70      6.3
665.80      6.3
665.90      6.1
666.00      6.1
666.10      6.1
666.20      5.9
666.30      5.9
666.40      5.9
666.50      5.9
666.60      5.6
666.70      5.6
666.80      5.6
666.90      5.6
667.00      5.4
667.10      5.4
667.20      5.4
667.30      5.4
667.40      5.1
667.50      5.1
667.60      5.1
667.70      5.1
667.80      4.9
667.90      4.9
668.00      4.9
668.10      4.9
668.20      4.6
668.30      4.6
668.40      4.6
668.50      4.6
668.60      4.4
668.70      4.4
668.80      4.4
668.90      4.4
669.00      4.4
669.10      4.2
669.20      4.2
669.30      4.2
669.40      4.2
669.50      4.2
669.60      3.9
669.70      3.9
669.80      3.9
669.90      3.9
670.00      3.9
670.10      3.9
670.20      3.7
670.30      3.7
670.40      3.7
670.50      3.7
670.60      3.7
670.70      3.7
670.80      3.4
670.90      3.4
671.00      3.4
671.10      3.4
671.20      3.4
671.30      3.4
671.40      3.2
671.50      3.2
671.60      3.2
671.70      3.2
671.80      3.2
671.90      3.2
672.00      3.2
672.10      3.2
672.20      2.9
672.30      2.9
672.40      2.9
672.50      2.9
672.60      2.9
672.70      2.9
672.80      2.9
672.90      2.9
673.00      2.7
673.10      2.7
673.20      2.7
673.30      2.7
673.40      2.7
673.50      2.7
673.60      2.7
673.70      2.7
673.80      2.7
673.90      2.7
674.00      2.4
674.10      2.7
674.20      2.4
674.30      2.4
674.40      2.4
674.50      2.4
674.60      2.4
674.70      2.4
674.80      2.4
674.90      2.4
675.00      2.4
675.10      2.4
675.20      2.4
675.30      2.4
675.40      2.4
675.50      2.4
675.60      2.2
675.70      2.4
675.80      2.2
675.90      2.2
676.00      2.2
676.10      2.2
676.20      2.2
676.30      2.2
676.40      2.2
676.50      2.2
676.60      2.2
676.70      2.2
676.80      2.2
676.90      2.2
677.00      2.2
677.10      2.2
677.20      2.2
677.30      2.2
677.40      2.2
677.50      2.2
677.60      2.0
677.70      2.2
677.80      2.0
677.90      2.2
678.00      2.0
678.10      2.2
678.20      2.0
678.30      2.0
678.40      2.0
678.50      2.0
678.60      2.0
678.70      2.0
678.80      2.0
678.90      2.0
679.00      2.0
679.10      2.0
679.20      2.0
679.30      2.0
679.40      2.0
679.50      2.0
679.60      2.0
679.70      2.0
679.80      2.0
679.90      2.0
680.00      2.0
680.10      2.0
680.20      2.0
680.30      2.0
680.40      2.0
680.50      2.0
680.60      2.0
680.70      2.0
680.80      2.0
680.90      2.0
681.00      1.7
681.10      2.0
681.20      1.7
681.30      2.0
681.40      1.7
681.50      2.0
681.60      1.7
681.70      1.7
681.80      1.7
681.90      1.7
682.00      1.7
682.10      2.0
682.20      1.7
682.30      1.7
682.40      1.7
682.50      1.7
682.60      1.7
682.70      1.7
682.80      1.7
682.90      1.7
683.00      1.7
683.10      1.7
683.20      1.7
683.30      1.7
683.40      1.7
683.50      1.7
683.60      1.7
683.70      1.7
683.80      1.7
683.90      1.7
684.00      1.7
684.10      1.7
684.20      1.7
684.30      1.7
684.40      1.7
684.50      1.7
684.60      1.7
684.70      1.7
684.80      1.7
684.90      1.7
685.00      1.7
685.10      1.7
685.20      1.7
685.30      1.7
685.40      1.7
685.50      1.7
685.60      1.7
685.70      1.7
685.80      1.7
685.90      1.7
686.00      1.7
686.10      1.7
686.20      1.7
686.30      1.7
686.40      1.7
686.50      1.7
686.60      1.7
686.70      1.7
686.80      1.7
686.90      1.7
687.00      1.7
687.10      1.7
687.20      1.5
687.30      1.7
687.40      1.7
687.50      1.7
687.60      1.7
687.70      1.7
687.80      1.5
687.90      1.7
688.00      1.5
688.10      1.7
688.20      1.5
688.30      1.7
688.40      1.5
688.50      1.7
688.60      1.5
688.70      1.5
688.80      1.5
688.90      1.7
689.00      1.5
689.10      1.7
689.20      1.5
689.30      1.5
689.40      1.5
689.50      1.5
689.60      1.5
689.70      1.5
689.80      1.5
689.90      1.7
690.00      1.5
690.10      1.5
690.20      1.5
690.30      1.5
690.40      1.5
690.50      1.5
690.60      1.5
690.70      1.5
690.80      1.5
690.90      1.5
691.00      1.5
691.10      1.5
691.20      1.5
691.30      1.5
691.40      1.5
691.50      1.5
691.60      1.5
691.70      1.5
691.80      1.5
691.90      1.5
692.00      1.5
692.10      1.5
692.20      1.5
692.30      1.5
692.40      1.5
692.50      1.5
692.60      1.5
692.70      1.5
692.80      1.5
692.90      1.5
693.00      1.5
693.10      1.5
693.20      1.5
693.30      1.5
693.40      1.5
693.50      1.5
693.60      1.5
693.70      1.5
693.80      1.5
693.90      1.5
694.00      1.5
694.10      1.5
694.20      1.5
694.30      1.5
694.40      1.5
694.50      1.5
694.60      1.5
694.70      1.5
694.80      1.5
694.90      1.5
695.00      1.5
695.10      1.5
695.20      1.5
695.30      1.5
695.40      1.5
695.50      1.5
695.60      1.5
695.70      1.5
695.80      1.5
695.90      1.5
696.00      1.5
696.10      1.5
696.20      1.5
696.30      1.5
696.40      1.5
696.50      1.5
696.60      1.5
696.70      1.5
696.80      1.5
696.90      1.5
697.00      1.5
697.10      1.5
697.20      1.5
697.30      1.5
697.40      1.5
697.50      1.5
697.60      1.5
697.70      1.5
697.80      1.5
697.90      1.5
698.00      1.5
698.10      1.5
698.20      1.5
698.30      1.5
698.40      1.5
698.50      1.5
698.60      1.5
698.70      1.5
698.80      1.5
698.90      1.5
699.00      1.5
699.10      1.5
699.20      1.5
699.30      1.5
699.40      1.5
699.50      1.5
699.60      1.5
699.70      1.5
699.80      1.5
699.90      1.5
700.00      1.5
700.10      1.5
700.20      1.5
700.30      1.5
700.40      1.5
700.50      1.5
700.60      1.5
700.70      1.5
700.80      1.5
700.90      1.5
701.00      1.5
701.10      1.5
701.20      1.5
701.30      1.5
701.40      1.5
701.50      1.5
701.60      1.5
701.70      1.5
701.80      1.5
701.90      1.5
702.00      1.5
702.10      1.5
702.20      1.5
702.30      1.5
702.40      1.5
702.50      1.5
702.60      1.5
702.70      1.5
702.80      1.5
702.90      1.5
703.00      1.5
703.10      1.5
703.20      1.5
703.30      1.5
703.40      1.5
703.50      1.5
703.60      1.5
703.70      1.5
703.80      1.5
703.90      1.5
704.00      1.5
704.10      1.5
704.20      1.5
704.30      1.5
704.40      1.5
704.50      1.5
704.60      1.5
704.70      1.5
704.80      1.5
704.90      1.5
705.00      1.5
705.10      1.5
705.20      1.5
705.30      1.5
705.40      1.5
705.50      1.5
705.60      1.5
705.70      1.5
705.80      1.5
705.90      1.5
706.00      1.5
706.10      1.5
706.20      1.5
706.30      1.5
706.40      1.5
706.50      1.5
706.60      1.5
706.70      1.5
706.80      1.5
706.90      1.5
707.00      1.5
707.10      1.5
707.20      1.5
707.30      1.5
707.40      1.5
707.50      1.5
707.60      1.5
707.70      1.5
707.80      1.5
707.90      1.5
708.00      1.5
708.10      1.5
708.20      1.5
708.30      1.5
708.40      1.5
708.50      1.5
708.60      1.5
708.70      1.5
708.80      1.5
708.90      1.5
709.00      1.5
709.10      1.5
709.20      1.5
709.30      1.5
709.40      1.5
709.50      1.5
709.60      1.5
709.70      1.5
709.80      1.5
709.90      1.5
710.00      1.5
710.10      1.5
710.20      1.5
710.30      1.5
710.40      1.5
710.50      1.5
710.60      1.5
710.70      1.5
710.80      1.5
710.90      1.5
711.00      1.5
711.10      1.5
711.20      1.5
711.30      1.5
711.40      1.5
711.50      1.5
711.60      1.5
711.70      1.5
711.80      1.5
711.90      1.5
712.00      1.5
712.10      1.5
712.20      1.5
712.30      1.5
712.40      1.5
712.50      1.5
712.60      1.5
712.70      1.5
712.80      1.5
712.90      1.5
713.00      1.5
713.10      1.5
713.20      1.5
713.30      1.5
713.40      1.5
713.50      1.5
713.60      1.5
713.70      1.5
713.80      1.5
713.90      1.5
714.00      1.5
714.10      1.5
714.20      1.5
714.30      1.5
714.40      1.5
714.50      1.5
714.60      1.5
714.70      1.5
714.80      1.5
714.90      1.5
715.00      1.5
715.10      1.5
715.20      1.5
715.30      1.5
715.40      1.5
715.50      1.5
715.60      1.5
715.70      1.5
715.80      1.5
715.90      1.5
716.00      1.5
716.10      1.5
716.20      1.5
716.30      1.5
716.40      1.5
716.50      1.5
716.60      1.5
716.70      1.5
716.80      1.5
716.90      1.5
717.00      1.5
717.10      1.5
717.20      1.5
717.30      1.5
717.40      1.5
717.50      1.5
717.60      1.5
717.70      1.5
717.80      1.5
717.90      1.5
718.00      1.5
718.10      1.5
718.20      1.5
718.30      1.5
718.40      1.5
718.50      1.5
718.60      1.5
718.70      1.5
718.80      1.5
718.90      1.5
719.00      1.5
719.10      1.5
719.20      1.5
719.30      1.5
719.40      1.5
719.50      1.5
719.60      1.5
719.70      1.5
719.80      1.5
719.90      1.5
720.00      1.5
720.10      1.5
720.20      1.5
720.30      1.5
720.40      1.5
720.50      1.5
720.60      1.5
720.70      1.5
720.80      1.5
720.90      1.5
721.00      1.5
721.10      1.5
721.20      1.5
721.30      1.5
721.40      1.5
721.50      1.5
721.60      1.5
721.70      1.5
721.80      1.5
721.90      1.5
722.00      1.5
722.10      1.5
722.20      1.5
722.30      1.5
722.40      1.5
722.50      1.5
722.60      1.5
722.70      1.5
722.80      1.5
722.90      1.5
723.00      1.5
723.10      1.5
723.20      1.5
723.30      1.5
723.40      1.5
723.50      1.5
723.60      1.5
723.70      1.5
723.80      1.5
723.90      1.5
724.00      1.5
724.10      1.5
724.20      1.5
724.30      1.5
724.40      1.5
724.50      1.5
724.60      1.5
724.70      1.5
724.80      1.5
724.90      1.5
725.00      1.5
725.10      1.5
725.20      1.5
725.30      1.5
725.40      1.5
725.50      1.5
725.60      1.5
725.70      1.5
725.80      1.5
725.90      1.5
726.00      1.5
726.10      1.5
726.20      1.5
726.30      1.5
726.40      1.5
726.50      1.5
726.60      1.5
726.70      1.5
726.80      1.5
726.90      1.5
727.00      1.5
727.10      1.5
727.20      1.5
727.30      1.5
727.40      1.5
727.50      1.5
727.60      1.5
727.70      1.5
727.80      1.5
727.90      1.5
728.00      1.5
728.10      1.5
728.20      1.5
728.30      1.5
728.40      1.5
728.50      1.5
728.60      1.5
728.70      1.5
728.80      1.5
728.90      1.5
729.00      1.5
729.10      1.5
729.20      1.5
729.30      1.5
729.40      1.5
729.50      1.5
729.60      1.5
729.70      1.5
729.80      1.5
729.90      1.5
730.00      1.5
730.10      1.5
730.20      1.5
730.30      1.5
730.40      1.5
730.50      1.5
730.60      1.5
730.70      1.5
730.80      1.5
730.90      1.5
731.00      1.5
731.10      1.5
731.20      1.5
731.30      1.5
731.40      1.5
731.50      1.5
731.60      1.5
731.70      1.5
731.80      1.5
731.90      1.5
732.00      1.5
732.10      1.5
732.20      1.5
732.30      1.5
732.40      1.5
732.50      1.5
732.60      1.5
732.70      1.5
732.80      1.5
732.90      1.5
733.00      1.5
733.10      1.5
733.20      1.5
733.30      1.5
733.40      1.5
733.50      1.5
733.60      1.5
733.70      1.5
733.80      1.5
733.90      1.5
734.00      1.5
734.10      1.5
734.20      1.5
734.30      1.5
734.40      1.5
734.50      1.5
734.60      1.5
734.70      1.5
734.80      1.5
734.90      1.5
735.00      1.5
735.10      1.5
735.20      1.5
735.30      1.5
735.40      1.5
735.50      1.5
735.60      1.5
735.70      1.5
735.80      1.5
735.90      1.5
736.00      1.5
736.10      1.5
736.20      1.5
736.30      1.5
736.40      1.5
736.50      1.5
736.60      1.5
736.70      1.5
736.80      1.5
736.90      1.5
737.00      1.5
737.10      1.5
737.20      1.5
737.30      1.5
737.40      1.5
737.50      1.5
737.60      1.5
737.70      1.5
737.80      1.5
737.90      1.5
738.00      1.5
738.10      1.5
738.20      1.5
738.30      1.5
738.40      1.5
738.50      1.5
738.60      1.5
738.70      1.5
738.80      1.5
738.90      1.5
739.00      1.5
739.10      1.5
739.20      1.5
739.30      1.5
739.40      1.5
739.50      1.5
739.60      1.5
739.70      1.5
739.80      1.5
739.90      1.5
740.00      1.5
740.10      1.5
740.20      1.5
740.30      1.5
740.40      1.5
740.50      1.5
740.60      1.5
740.70      1.5
740.80      1.5
740.90      1.5
741.00      1.5
741.10      1.5
741.20      1.5
741.30      1.5
741.40      1.5
741.50      1.5
741.60      1.5
741.70      1.5
741.80      1.5
741.90      1.5
742.00      1.5
742.10      1.5
742.20      1.5
742.30      1.5
742.40      1.5
742.50      1.5
742.60      1.5
742.70      1.5
742.80      1.5
742.90      1.5
743.00      1.5
743.10      1.5
743.20      1.5
743.30      1.5
743.40      1.5
743.50      1.5
743.60      1.5
743.70      1.5
743.80      1.5
743.90      1.5
744.00      1.5
744.10      1.5
744.20      1.5
744.30      1.5
744.40      1.5
744.50      1.5
744.60      1.5
744.70      1.5
744.80      1.5
744.90      1.5
745.00      1.5
745.10      1.5
745.20      1.5
745.30      1.5
745.40      1.5
745.50      1.5
745.60      1.5
745.70      1.5
745.80      1.5
745.90      1.5
746.00      1.5
746.10      1.5
746.20      1.5
746.30      1.5
746.40      1.5
746.50      1.5
746.60      1.5
746.70      1.5
746.80      1.5
746.90      1.5
747.00      1.5
747.10      1.5
747.20      1.5
747.30      1.5
747.40      1.5
747.50      1.5
747.60      1.5
747.70      1.5
747.80      1.5
747.90      1.5
748.00      1.5
748.10      1.5
748.20      1.5
748.30      1.5
748.40      1.5
748.50      1.5
748.60      1.5
748.70      1.5
748.80      1.5
748.90      1.5
749.00      1.5
749.10      1.5
749.20      1.5
749.30      1.5
749.40      1.5
749.50      1.5
749.60      1.5
749.70      1.5
749.80      1.5
749.90      1.5
750.00      1.5
750.10      1.5
750.20      1.5
750.30      1.5
750.40      1.5
750.50      1.5
750.60      1.2
750.70      1.5
750.80      1.5
750.90      1.5
751.00      1.5
751.10      1.5
751.20      1.2
751.30      1.5
751.40      1.2
751.50      1.5
751.60      1.5
751.70      1.5
751.80      1.2
751.90      1.5
752.00      1.2
752.10      1.5
752.20      1.2
752.30      1.5
752.40      1.2
752.50      1.5
752.60      1.2
752.70      1.5
752.80      1.2
752.90      1.5
753.00      1.2
753.10      1.5
753.20      1.2
753.30      1.5
753.40      1.2
753.50      1.5
753.60      1.2
753.70      1.5
753.80      1.2
753.90      1.5
754.00      1.2
754.10      1.5
754.20      1.2
754.30      1.5
754.40      1.2
754.50      1.5
754.60      1.2
754.70      1.5
754.80      1.2
754.90      1.5
755.00      1.2
755.10      1.5
755.20      1.2
755.30      1.5
755.40      1.2
755.50      1.5
755.60      1.2
755.70      1.2
755.80      1.2
755.90      1.2
756.00      1.2
756.10      1.2
756.20      1.2
756.30      1.5
756.40      1.2
756.50      1.5
756.60      1.2
756.70      1.2
756.80      1.2
756.90      1.5
757.00      1.2
757.10      1.2
757.20      1.2
757.30      1.2
757.40      1.2
757.50      1.2
757.60      1.2
757.70      1.2
757.80      1.2
757.90      1.5
758.00      1.2
758.10      1.2
758.20      1.2
758.30      1.2
758.40      1.2
758.50      1.2
758.60      1.2
758.70      1.2
758.80      1.2
758.90      1.2
759.00      1.2
759.10      1.2
759.20      1.2
759.30      1.2
759.40      1.2
759.50      1.5
759.60      1.2
759.70      1.2
759.80      1.2
759.90      1.2
760.00      1.2
760.10      1.2
760.20      1.2
760.30      1.2
760.40      1.2
760.50      1.2
760.60      1.2
760.70      1.2
760.80      1.2
760.90      1.2
761.00      1.2
761.10      1.2
761.20      1.2
761.30      1.2
761.40      1.2
761.50      1.2
761.60      1.2
761.70      1.2
761.80      1.2
761.90      1.2
762.00      1.2
762.10      1.2
762.20      1.2
762.30      1.2
762.40      1.2
762.50      1.2
762.60      1.2
762.70      1.2
762.80      1.2
762.90      1.2
763.00      1.2
763.10      1.2
763.20      1.2
763.30      1.2
763.40      1.2
763.50      1.2
763.60      1.2
763.70      1.2
763.80      1.2
763.90      1.2
764.00      1.2
764.10      1.2
764.20      1.2
764.30      1.2
764.40      1.2
764.50      1.2
764.60      1.2
764.70      1.2
764.80      1.2
764.90      1.2
765.00      1.2
765.10      1.2
765.20      1.2
765.30      1.2
765.40      1.2
765.50      1.2
765.60      1.2
765.70      1.2
765.80      1.2
765.90      1.2
766.00      1.2
766.10      1.2
766.20      1.2
766.30      1.2
766.40      1.2
766.50      1.2
766.60      1.2
766.70      1.2
766.80      1.2
766.90      1.2
767.00      1.2
767.10      1.2
767.20      1.2
767.30      1.2
767.40      1.2
767.50      1.2
767.60      1.2
767.70      1.2
767.80      1.2
767.90      1.2
768.00      1.2
768.10      1.2
768.20      1.2
768.30      1.2
768.40      1.2
768.50      1.2
768.60      1.2
768.70      1.2
768.80      1.2
768.90      1.2
769.00      1.2
769.10      1.2
769.20      1.2
769.30      1.2
769.40      1.2
769.50      1.2
769.60      1.2
769.70      1.2
769.80      1.2
769.90      1.2
770.00      1.2
770.10      1.2
770.20      1.2
770.30      1.2
770.40      1.2
770.50      1.2
770.60      1.2
770.70      1.2
770.80      1.2
770.90      1.2
771.00      1.2
771.10      1.2
771.20      1.2
771.30      1.2
771.40      1.2
771.50      1.2
771.60      1.2
771.70      1.2
771.80      1.2
771.90      1.2
772.00      1.2
772.10      1.2
772.20      1.2
772.30      1.2
772.40      1.2
772.50      1.2
772.60      1.2
772.70      1.2
772.80      1.2
772.90      1.2
773.00      1.2
773.10      1.2
773.20      1.2
773.30      1.2
773.40      1.2
773.50      1.2
773.60      1.2
773.70      1.2
773.80      1.2
773.90      1.2
774.00      1.2
774.10      1.2
774.20      1.2
774.30      1.2
774.40      1.2
774.50      1.2
774.60      1.2
774.70      1.2
774.80      1.2
774.90      1.2
775.00      1.2
775.10      1.2
775.20      1.2
775.30      1.2
775.40      1.2
775.50      1.2
775.60      1.2
775.70      1.2
775.80      1.2
775.90      1.2
776.00      1.2
776.10      1.2
776.20      1.2
776.30      1.2
776.40      1.2
776.50      1.2
776.60      1.2
776.70      1.2
776.80      1.2
776.90      1.2
777.00      1.2
777.10      1.2
777.20      1.2
777.30      1.2
777.40      1.2
777.50      1.2
777.60      1.2
777.70      1.2
777.80      1.2
777.90      1.2
778.00      1.2
778.10      1.2
778.20      1.2
778.30      1.2
778.40      1.2
778.50      1.2
778.60      1.2
778.70      1.2
778.80      1.2
778.90      1.2
779.00      1.2
779.10      1.2
779.20      1.2
779.30      1.2
779.40      1.2
779.50      1.2
779.60      1.2
779.70      1.2
779.80      1.2
779.90      1.2
780.00      1.2
780.10      1.2
780.20      1.2
780.30      1.2
780.40      1.2
780.50      1.2
780.60      1.2
780.70      1.2
780.80      1.2
780.90      1.2
781.00      1.2
781.10      1.2
781.20      1.2
781.30      1.2
781.40      1.2
781.50      1.2
781.60      1.2
781.70      1.2
781.80      1.2
781.90      1.2
782.00      1.2
782.10      1.2
782.20      1.2
782.30      1.2
782.40      1.2
782.50      1.2
782.60      1.2
782.70      1.2
782.80      1.2
782.90      1.2
783.00      1.2
783.10      1.2
783.20      1.2
783.30      1.2
783.40      1.2
783.50      1.2
783.60      1.2
783.70      1.2
783.80      1.2
783.90      1.2
784.00      1.2
784.10      1.2
784.20      1.2
784.30      1.2
784.40      1.2
784.50      1.2
784.60      1.2
784.70      1.2
784.80      1.2
784.90      1.2
785.00      1.2
785.10      1.2
785.20      1.2
785.30      1.2
785.40      1.2
785.50      1.2
785.60      1.2
785.70      1.2
785.80      1.2
785.90      1.2
786.00      1.2
786.10      1.2
786.20      1.2
786.30      1.2
786.40      1.2
786.50      1.2
786.60      1.2
786.70      1.2
786.80      1.2
786.90      1.2
787.00      1.2
787.10      1.2
787.20      1.2
787.30      1.2
787.40      1.2
787.50      1.2
787.60      1.2
787.70      1.2
787.80      1.2
787.90      1.2
788.00      1.2
788.10      1.2
788.20      1.2
788.30      1.2
788.40      1.2
788.50      1.2
788.60      1.2
788.70      1.2
788.80      1.2
788.90      1.2
789.00      1.2
789.10      1.2
789.20      1.2
789.30      1.2
789.40      1.2
789.50      1.2
789.60      1.2
789.70      1.2
789.80      1.2
789.90      1.2
790.00      1.2
790.10      1.2
790.20      1.2
790.30      1.2
790.40      1.2
790.50      1.2
790.60      1.2
790.70      1.2
790.80      1.2
790.90      1.2
791.00      1.2
791.10      1.2
791.20      1.2
791.30      1.2
791.40      1.2
791.50      1.2
791.60      1.2
791.70      1.2
791.80      1.2
791.90      1.2
792.00      1.2
792.10      1.2
792.20      1.2
792.30      1.2
792.40      1.2
792.50      1.2
792.60      1.2
792.70      1.2
792.80      1.2
792.90      1.2
793.00      1.2
793.10      1.2
793.20      1.2
793.30      1.2
793.40      1.2
793.50      1.2
793.60      1.2
793.70      1.2
793.80      1.2
793.90      1.2
794.00      1.2
794.10      1.2
794.20      1.2
794.30      1.2
794.40      1.2
794.50      1.2
794.60      1.2
794.70      1.2
794.80      1.2
794.90      1.2
795.00      1.2
795.10      1.2
795.20      1.2
795.30      1.2
795.40      1.2
795.50      1.2
795.60      1.2
795.70      1.2
795.80      1.2
795.90      1.2
796.00      1.2
796.10      1.2
796.20      1.2
796.30      1.2
796.40      1.2
796.50      1.2
796.60      1.2
796.70      1.2
796.80      1.2
796.90      1.2
797.00      1.2
797.10      1.2
797.20      1.2
797.30      1.2
797.40      1.2
797.50      1.2
797.60      1.2
797.70      1.2
797.80      1.2
797.90      1.2
798.00      1.2
798.10      1.2
798.20      1.2
798.30      1.2
798.40      1.2
798.50      1.2
798.60      1.2
798.70      1.2
798.80      1.2
798.90      1.2
799.00      1.2
799.10      1.2
799.20      1.2
799.30      1.2
799.40      1.2
799.50      1.2
799.60      1.2
799.70      1.2
799.80      1.2
799.90      1.2
800.00      1.2
