300.00      1.5
300.10      1.5
300.20      1.5
300.30      1.5
300.40      1.5
300.50      1.5
300.60      1.5
300.70      1.5
300.80      1.5
300.90      1.5
301.00      1.5
301.10      1.5
301.20      1.5
301.30      1.7
301.40      1.5
301.50      1.7
301.60      1.5
301.70      1.7
301.80      1.7
301.90      1.7
302.00      1.7
302.10      1.7
302.20      1.7
302.30      1.7
302.40      1.7
302.50      1.7
302.60      1.7
302.70      1.7
302.80      1.7
302.90      1.7
303.00      1.7
303.10      1.7
303.20      1.7
303.30      1.7
303.40      1.7
303.50      1.7
303.60      1.7
303.70      2.0
303.80      1.7
303.90      2.0
304.00      2.0
304.10      2.0
304.20      1.7
304.30      2.0
304.40      1.7
304.50      2.0
304.60      1.7
304.70      2.0
304.80      1.7
304.90      2.0
305.00      1.7
305.10      2.0
305.20      1.7
305.30      2.0
305.40      1.7
305.50      2.0
305.60      1.7
305.70      1.7
305.80      1.7
305.90      1.7
306.00      1.7
306.10      1.7
306.20      1.7
306.30      1.7
306.40      1.5
306.50      1.5
306.60      1.5
306.70      1.5
306.80      1.5
306.90      1.5
307.00      1.5
307.10      1.5
307.20      1.5
307.30      1.5
307.40      1.5
307.50      1.5
307.60      1.5
307.70      1.5
307.80      1.5
307.90      1.5
308.00      1.5
308.10      1.5
308.20      1.5
308.30      1.5
308.40      1.5
308.50      1.5
308.60      1.5
308.70      1.5
308.80      1.5
308.90      1.5
309.00      1.5
309.10      1.5
309.20      1.5
309.30      1.5
309.40      1.5
309.50      1.5
309.60      1.5
309.70      1.5
309.80      1.5
309.90      1.5
310.00      1.5
310.10      1.5
310.20      1.5
310.30      1.5
310.40      1.5
310.50      1.5
310.60      1.5
310.70      1.5
310.80      1.5
310.90      1.5
311.00      1.5
311.10      1.5
311.20      1.5
311.30      1.5
311.40      1.5
311.50      1.5
311.60      1.5
311.70      1.5
311.80      1.5
311.90      1.5
312.00      1.5
312.10      1.5
312.20      1.5
312.30      1.5
312.40      1.5
312.50      1.5
312.60      1.5
312.70      1.5
312.80      1.5
312.90      1.5
313.00      1.5
313.10      1.5
313.20      1.5
313.30      1.5
313.40      1.5
313.50      1.5
313.60      1.5
313.70      1.5
313.80      1.5
313.90      1.5
314.00      1.5
314.10      1.5
314.20      1.5
314.30      1.5
314.40      1.5
314.50      1.5
314.60      1.5
314.70      1.5
314.80      1.5
314.90      1.5
315.00      1.5
315.10      1.5
315.20      1.5
315.30      1.5
315.40      1.5
315.50      1.5
315.60      1.5
315.70      1.5
315.80      1.5
315.90      1.5
316.00      1.5
316.10      1.5
316.20      1.5
316.30      1.5
316.40      1.5
316.50      1.5
316.60      1.5
316.70      1.5
316.80      1.5
316.90      1.5
317.00      1.5
317.10      1.5
317.20      1.5
317.30      1.5
317.40      1.5
317.50      1.5
317.60      1.5
317.70      1.5
317.80      1.5
317.90      1.5
318.00      1.5
318.10      1.5
318.20      1.5
318.30      1.5
318.40      1.5
318.50      1.5
318.60      1.5
318.70      1.5
318.80      1.5
318.90      1.5
319.00      1.5
319.10      1.5
319.20      1.5
319.30      1.5
319.40      1.5
319.50      1.5
319.60      1.5
319.70      1.5
319.80      1.5
319.90      1.5
320.00      1.5
320.10      1.5
320.20      1.5
320.30      1.5
320.40      1.5
320.50      1.5
320.60      1.5
320.70      1.5
320.80      1.5
320.90      1.5
321.00      1.5
321.10      1.5
321.20      1.5
321.30      1.5
321.40      1.5
321.50      1.5
321.60      1.5
321.70      1.5
321.80      1.5
321.90      1.5
322.00      1.5
322.10      1.5
322.20      1.5
322.30      1.5
322.40      1.5
322.50      1.5
322.60      1.5
322.70      1.5
322.80      1.5
322.90      1.5
323.00      1.5
323.10      1.5
323.20      1.5
323.30      1.5
323.40      1.5
323.50      1.5
323.60      1.5
323.70      1.5
323.80      1.5
323.90      1.5
324.00      1.5
324.10      1.5
324.20      1.5
324.30      1.5
324.40      1.5
324.50      1.5
324.60      1.5
324.70      1.5
324.80      1.5
324.90      1.5
325.00      1.5
325.10      1.5
325.20      1.5
325.30      1.5
325.40      1.5
325.50      1.5
325.60      1.5
325.70      1.5
325.80      1.5
325.90      1.5
326.00      1.5
326.10      1.5
326.20      1.5
326.30      1.5
326.40      1.5
326.50      1.5
326.60      1.5
326.70      1.5
326.80      1.5
326.90      1.5
327.00      1.5
327.10      1.5
327.20      1.5
327.30      1.5
327.40      1.5
327.50      1.5
327.60      1.5
327.70      1.5
327.80      1.5
327.90      1.5
328.00      1.5
328.10      1.5
328.20      1.5
328.30      1.5
328.40      1.5
328.50      1.5
328.60      1.5
328.70      1.5
328.80      1.5
328.90      1.5
329.00      1.5
329.10      1.5
329.20      1.5
329.30      1.5
329.40      1.5
329.50      1.5
329.60      1.5
329.70      1.5
329.80      1.5
329.90      1.5
330.00      1.5
330.10      1.5
330.20      1.5
330.30      1.5
330.40      1.5
330.50      1.5
330.60      1.5
330.70      1.5
330.80      1.5
330.90      1.5
331.00      1.5
331.10      1.5
331.20      1.5
331.30      1.5
331.40      1.5
331.50      1.5
331.60      1.5
331.70      1.5
331.80      1.5
331.90      1.5
332.00      1.5
332.10      1.5
332.20      1.5
332.30      1.5
332.40      1.5
332.50      1.5
332.60      1.5
332.70      1.5
332.80      1.5
332.90      1.5
333.00      1.5
333.10      1.5
333.20      1.5
333.30      1.5
333.40      1.5
333.50      1.5
333.60      1.5
333.70      1.5
333.80      1.5
333.90      1.5
334.00      1.5
334.10      1.5
334.20      1.5
334.30      1.5
334.40      1.5
334.50      1.5
334.60      1.5
334.70      1.5
334.80      1.5
334.90      1.5
335.00      1.5
335.10      1.5
335.20      1.5
335.30      1.5
335.40      1.5
335.50      1.5
335.60      1.5
335.70      1.5
335.80      1.5
335.90      1.5
336.00      1.5
336.10      1.5
336.20      1.5
336.30      1.5
336.40      1.5
336.50      1.5
336.60      1.5
336.70      1.5
336.80      1.5
336.90      1.5
337.00      1.5
337.10      1.5
337.20      1.5
337.30      1.5
337.40      1.5
337.50      1.5
337.60      1.5
337.70      1.5
337.80      1.5
337.90      1.5
338.00      1.5
338.10      1.5
338.20      1.5
338.30      1.5
338.40      1.5
338.50      1.5
338.60      1.5
338.70      1.5
338.80      1.5
338.90      1.5
339.00      1.5
339.10      1.5
339.20      1.5
339.30      1.5
339.40      1.5
339.50      1.5
339.60      1.5
339.70      1.5
339.80      1.5
339.90      1.5
340.00      1.5
340.10      1.5
340.20      1.5
340.30      1.5
340.40      1.5
340.50      1.5
340.60      1.5
340.70      1.5
340.80      1.5
340.90      1.5
341.00      1.5
341.10      1.5
341.20      1.5
341.30      1.5
341.40      1.5
341.50      1.5
341.60      1.5
341.70      1.5
341.80      1.5
341.90      1.5
342.00      1.5
342.10      1.5
342.20      1.5
342.30      1.5
342.40      1.5
342.50      1.5
342.60      1.5
342.70      1.5
342.80      1.5
342.90      1.5
343.00      1.5
343.10      1.5
343.20      1.5
343.30      1.5
343.40      1.5
343.50      1.5
343.60      1.5
343.70      1.5
343.80      1.5
343.90      1.5
344.00      1.5
344.10      1.5
344.20      1.5
344.30      1.5
344.40      1.5
344.50      1.5
344.60      1.5
344.70      1.5
344.80      1.5
344.90      1.5
345.00      1.5
345.10      1.5
345.20      1.5
345.30      1.5
345.40      1.5
345.50      1.5
345.60      1.5
345.70      1.5
345.80      1.5
345.90      1.5
346.00      1.5
346.10      1.5
346.20      1.5
346.30      1.5
346.40      1.5
346.50      1.5
346.60      1.5
346.70      1.5
346.80      1.5
346.90      1.5
347.00      1.5
347.10      1.5
347.20      1.5
347.30      1.5
347.40      1.5
347.50      1.5
347.60      1.5
347.70      1.5
347.80      1.5
347.90      1.5
348.00      1.5
348.10      1.5
348.20      1.5
348.30      1.5
348.40      1.5
348.50      1.5
348.60      1.5
348.70      1.5
348.80      1.5
348.90      1.5
349.00      1.5
349.10      1.5
349.20      1.5
349.30      1.5
349.40      1.5
349.50      1.5
349.60      1.5
349.70      1.5
349.80      1.5
349.90      1.5
350.00      1.5
350.10      1.5
350.20      1.5
350.30      1.5
350.40      1.5
350.50      1.5
350.60      1.5
350.70      1.5
350.80      1.5
350.90      1.5
351.00      1.5
351.10      1.5
351.20      1.5
351.30      1.5
351.40      1.5
351.50      1.5
351.60      1.5
351.70      1.5
351.80      1.5
351.90      1.5
352.00      1.5
352.10      1.5
352.20      1.5
352.30      1.5
352.40      1.5
352.50      1.5
352.60      1.5
352.70      1.5
352.80      1.5
352.90      1.5
353.00      1.5
353.10      1.5
353.20      1.5
353.30      1.5
353.40      1.5
353.50      1.5
353.60      1.5
353.70      1.5
353.80      1.5
353.90      1.5
354.00      1.5
354.10      1.5
354.20      1.5
354.30      1.5
354.40      1.5
354.50      1.5
354.60      1.5
354.70      1.5
354.80      1.5
354.90      1.5
355.00      1.5
355.10      1.5
355.20      1.5
355.30      1.5
355.40      1.5
355.50      1.5
355.60      1.5
355.70      1.5
355.80      1.5
355.90      1.5
356.00      1.5
356.10      1.5
356.20      1.5
356.30      1.5
356.40      1.5
356.50      1.5
356.60      1.5
356.70      1.5
356.80      1.5
356.90      1.5
357.00      1.5
357.10      1.5
357.20      1.5
357.30      1.5
357.40      1.5
357.50      1.5
357.60      1.5
357.70      1.5
357.80      1.5
357.90      1.5
358.00      1.5
358.10      1.5
358.20      1.5
358.30      1.5
358.40      1.5
358.50      1.5
358.60      1.5
358.70      1.5
358.80      1.5
358.90      1.5
359.00      1.5
359.10      1.5
359.20      1.5
359.30      1.5
359.40      1.5
359.50      1.5
359.60      1.5
359.70      1.5
359.80      1.5
359.90      1.5
360.00      1.5
360.10      1.5
360.20      1.5
360.30      1.5
360.40      1.5
360.50      1.5
360.60      1.5
360.70      1.5
360.80      1.5
360.90      1.5
361.00      1.5
361.10      1.5
361.20      1.5
361.30      1.5
361.40      1.5
361.50      1.5
361.60      1.5
361.70      1.5
361.80      1.5
361.90      1.5
362.00      1.5
362.10      1.5
362.20      1.5
362.30      1.5
362.40      1.5
362.50      1.5
362.60      1.5
362.70      1.5
362.80      1.5
362.90      1.5
363.00      1.5
363.10      1.5
363.20      1.5
363.30      1.5
363.40      1.5
363.50      1.5
363.60      1.5
363.70      1.5
363.80      1.5
363.90      1.5
364.00      1.5
364.10      1.5
364.20      1.5
364.30      1.5
364.40      1.5
364.50      1.5
364.60      1.5
364.70      1.5
364.80      1.5
364.90      1.5
365.00      1.5
365.10      1.5
365.20      1.5
365.30      1.5
365.40      1.5
365.50      1.5
365.60      1.5
365.70      1.5
365.80      1.5
365.90      1.5
366.00      1.5
366.10      1.5
366.20      1.5
366.30      1.5
366.40      1.5
366.50      1.5
366.60      1.5
366.70      1.5
366.80      1.5
366.90      1.5
367.00      1.5
367.10      1.5
367.20      1.5
367.30      1.5
367.40      1.5
367.50      1.5
367.60      1.5
367.70      1.5
367.80      1.5
367.90      1.5
368.00      1.5
368.10      1.5
368.20      1.5
368.30      1.5
368.40      1.5
368.50      1.5
368.60      1.5
368.70      1.5
368.80      1.5
368.90      1.5
369.00      1.5
369.10      1.5
369.20      1.5
369.30      1.5
369.40      1.5
369.50      1.5
369.60      1.5
369.70      1.5
369.80      1.5
369.90      1.5
370.00      1.5
370.10      1.5
370.20      1.5
370.30      1.5
370.40      1.5
370.50      1.5
370.60      1.5
370.70      1.5
370.80      1.5
370.90      1.5
371.00      1.5
371.10      1.5
371.20      1.5
371.30      1.5
371.40      1.5
371.50      1.5
371.60      1.5
371.70      1.5
371.80      1.5
371.90      1.5
372.00      1.5
372.10      1.5
372.20      1.5
372.30      1.5
372.40      1.5
372.50      1.5
372.60      1.5
372.70      1.5
372.80      1.5
372.90      1.5
373.00      1.5
373.10      1.5
373.20      1.5
373.30      1.5
373.40      1.5
373.50      1.5
373.60      1.5
373.70      1.5
373.80      1.5
373.90      1.5
374.00      1.5
374.10      1.5
374.20      1.5
374.30      1.5
374.40      1.5
374.50      1.5
374.60      1.5
374.70      1.5
374.80      1.5
374.90      1.5
375.00      1.5
375.10      1.5
375.20      1.5
375.30      1.5
375.40      1.5
375.50      1.5
375.60      1.5
375.70      1.5
375.80      1.5
375.90      1.5
376.00      1.5
376.10      1.5
376.20      1.5
376.30      1.5
376.40      1.5
376.50      1.5
376.60      1.5
376.70      1.5
376.80      1.5
376.90      1.5
377.00      1.5
377.10      1.5
377.20      1.5
377.30      1.5
377.40      1.5
377.50      1.5
377.60      1.5
377.70      1.5
377.80      1.5
377.90      1.5
378.00      1.5
378.10      1.5
378.20      1.5
378.30      1.5
378.40      1.5
378.50      1.5
378.60      1.5
378.70      1.5
378.80      1.5
378.90      1.5
379.00      1.5
379.10      1.5
379.20      1.5
379.30      1.5
379.40      1.5
379.50      1.5
379.60      1.5
379.70      1.5
379.80      1.5
379.90      1.5
380.00      1.5
380.10      1.5
380.20      1.5
380.30      1.5
380.40      1.5
380.50      1.5
380.60      1.5
380.70      1.5
380.80      1.5
380.90      1.5
381.00      1.5
381.10      1.5
381.20      1.5
381.30      1.5
381.40      1.5
381.50      1.5
381.60      1.5
381.70      1.5
381.80      1.5
381.90      1.5
382.00      1.5
382.10      1.5
382.20      1.5
382.30      1.5
382.40      1.5
382.50      1.5
382.60      1.5
382.70      1.5
382.80      1.5
382.90      1.5
383.00      1.5
383.10      1.5
383.20      1.5
383.30      1.5
383.40      1.5
383.50      1.5
383.60      1.5
383.70      1.5
383.80      1.5
383.90      1.5
384.00      1.5
384.10      1.5
384.20      1.5
384.30      1.5
384.40      1.5
384.50      1.5
384.60      1.5
384.70      1.5
384.80      1.5
384.90      1.5
385.00      1.5
385.10      1.5
385.20      1.5
385.30      1.5
385.40      1.5
385.50      1.5
385.60      1.5
385.70      1.5
385.80      1.5
385.90      1.5
386.00      1.5
386.10      1.5
386.20      1.5
386.30      1.5
386.40      1.5
386.50      1.5
386.60      1.5
386.70      1.5
386.80      1.5
386.90      1.5
387.00      1.5
387.10      1.5
387.20      1.5
387.30      1.5
387.40      1.5
387.50      1.5
387.60      1.5
387.70      1.5
387.80      1.5
387.90      1.5
388.00      1.5
388.10      1.5
388.20      1.5
388.30      1.5
388.40      1.5
388.50      1.5
388.60      1.5
388.70      1.5
388.80      1.5
388.90      1.5
389.00      1.5
389.10      1.5
389.20      1.5
389.30      1.5
389.40      1.5
389.50      1.5
389.60      1.5
389.70      1.5
389.80      1.5
389.90      1.5
390.00      1.5
390.10      1.5
390.20      1.5
390.30      1.5
390.40      1.5
390.50      1.5
390.60      1.5
390.70      1.5
390.80      1.5
390.90      1.5
391.00      1.5
391.10      1.5
391.20      1.5
391.30      1.5
391.40      1.5
391.50      1.5
391.60      1.5
391.70      1.5
391.80      1.5
391.90      1.5
392.00      1.5
392.10      1.5
392.20      1.5
392.30      1.5
392.40      1.5
392.50      1.5
392.60      1.5
392.70      1.5
392.80      1.5
392.90      1.5
393.00      1.5
393.10      1.5
393.20      1.5
393.30      1.5
393.40      1.5
393.50      1.5
393.60      1.5
393.70      1.5
393.80      1.5
393.90      1.5
394.00      1.5
394.10      1.5
394.20      1.5
394.30      1.5
394.40      1.5
394.50      1.5
394.60      1.5
394.70      1.5
394.80      1.5
394.90      1.5
395.00      1.5
395.10      1.5
395.20      1.5
395.30      1.5
395.40      1.5
395.50      1.5
395.60      1.5
395.70      1.5
395.80      1.5
395.90      1.5
396.00      1.5
396.10      1.5
396.20      1.5
396.30      1.5
396.40      1.5
396.50      1.5
396.60      1.5
396.70      1.5
396.80      1.5
396.90      1.5
397.00      1.5
397.10      1.5
397.20      1.5
397.30      1.5
397.40      1.5
397.50      1.5
397.60      1.5
397.70      1.5
397.80      1.5
397.90      1.5
398.00      1.5
398.10      1.5
398.20      1.5
398.30      1.5
398.40      1.5
398.50      1.5
398.60      1.5
398.70      1.5
398.80      1.5
398.90      1.5
399.00      1.5
399.10      1.5
399.20      1.5
399.30      1.5
399.40      1.5
399.50      1.5
399.60      1.5
399.70      1.5
399.80      1.5
399.90      1.5
400.00      1.5
400.10      1.5
400.20      1.5
400.30      1.5
400.40      1.5
400.50      1.5
400.60      1.5
400.70      1.5
400.80      1.5
400.90      1.5
401.00      1.5
401.10      1.5
401.20      1.5
401.30      1.5
401.40      1.5
401.50      1.5
401.60      1.5
401.70      1.5
401.80      1.5
401.90      1.5
402.00      1.5
402.10      1.5
402.20      1.5
402.30      1.5
402.40      1.5
402.50      1.5
402.60      1.5
402.70      1.5
402.80      1.5
402.90      1.7
403.00      1.5
403.10      1.7
403.20      1.5
403.30      1.7
403.40      1.5
403.50      1.7
403.60      1.5
403.70      1.7
403.80      1.7
403.90      1.7
404.00      1.7
404.10      1.7
404.20      1.7
404.30      1.7
404.40      1.7
404.50      1.7
404.60      1.7
404.70      1.7
404.80      1.7
404.90      1.7
405.00      1.7
405.10      1.7
405.20      1.7
405.30      1.7
405.40      1.7
405.50      1.7
405.60      1.7
405.70      1.7
405.80      1.7
405.90      1.7
406.00      1.7
406.10      1.7
406.20      1.7
406.30      1.7
406.40      1.7
406.50      1.7
406.60      1.7
406.70      1.7
406.80      1.7
406.90      2.0
407.00      1.7
407.10      2.0
407.20      2.0
407.30      2.0
407.40      2.0
407.50      2.0
407.60      2.0
407.70      2.0
407.80      2.0
407.90      2.0
408.00      2.0
408.10      2.0
408.20      2.0
408.30      2.0
408.40      2.0
408.50      2.0
408.60      2.0
408.70      2.0
408.80      2.0
408.90      2.0
409.00      2.0
409.10      2.2
409.20      2.0
409.30      2.2
409.40      2.2
409.50      2.2
409.60      2.2
409.70      2.2
409.80      2.2
409.90      2.2
410.00      2.2
410.10      2.2
410.20      2.2
410.30      2.2
410.40      2.2
410.50      2.2
410.60      2.2
410.70      2.4
410.80      2.4
410.90      2.4
411.00      2.4
411.10      2.4
411.20      2.4
411.30      2.4
411.40      2.4
411.50      2.4
411.60      2.4
411.70      2.7
411.80      2.4
411.90      2.7
412.00      2.7
412.10      2.7
412.20      2.7
412.30      2.7
412.40      2.7
412.50      2.7
412.60      2.7
412.70      2.9
412.80      2.9
412.90      2.9
413.00      2.9
413.10      2.9
413.20      2.9
413.30      3.2
413.40      3.2
413.50      3.2
413.60      3.2
413.70      3.2
413.80      3.2
413.90      3.4
414.00      3.4
414.10      3.4
414.20      3.4
414.30      3.4
414.40      3.7
414.50      3.7
414.60      3.7
414.70      3.7
414.80      3.7
414.90      3.9
415.00      3.9
415.10      3.9
415.20      3.9
415.30      4.2
415.40      4.2
415.50      4.2
415.60      4.4
415.70      4.4
415.80      4.4
415.90      4.4
416.00      4.6
416.10      4.6
416.20      4.6
416.30      4.9
416.40      4.9
416.50      4.9
416.60      5.1
416.70      5.1
416.80      5.1
416.90      5.4
417.00      5.4
417.10      5.4
417.20      5.6
417.30      5.6
417.40      5.9
417.50      5.9
417.60      5.9
417.70      6.1
417.80      6.1
417.90      6.3
418.00      6.3
418.10      6.6
418.20      6.6
418.30      6.6
418.40      6.8
418.50      6.8
418.60      7.1
418.70      7.3
418.80      7.3
418.90      7.6
419.00      7.6
419.10      7.8
419.20      7.8
419.30      8.1
419.40      8.1
419.50      8.3
419.60      8.3
419.70      8.5
419.80      8.5
419.90      8.8
420.00      9.0
420.10      9.0
420.20      9.3
420.30      9.5
420.40      9.5
420.50      9.8
420.60      9.8
420.70      10.0
420.80      10.3
420.90      10.3
421.00      10.5
421.10      10.7
421.20      11.0
421.30      11.0
421.40      11.2
421.50      11.5
421.60      11.5
421.70      11.7
421.80      12.0
421.90      12.2
422.00      12.5
422.10      12.5
422.20      12.7
422.30      12.9
422.40      13.2
422.50      13.4
422.60      13.7
422.70      13.9
422.80      13.9
422.90      14.2
423.00      14.4
423.10      14.7
423.20      14.9
423.30      15.1
423.40      15.4
423.50      15.6
423.60      15.9
423.70      16.1
423.80      16.4
423.90      16.6
424.00      16.8
424.10      17.1
424.20      17.3
424.30      17.8
424.40      17.8
424.50      18.3
424.60      18.6
424.70      18.8
424.80      19.0
424.90      19.3
425.00      19.8
425.10      20.0
425.20      20.3
425.30      20.5
425.40      20.8
425.50      21.2
425.60      21.5
425.70      21.7
425.80      22.2
425.90      22.5
426.00      22.7
426.10      23.2
426.20      23.4
426.30      23.9
426.40      24.2
426.50      24.7
426.60      24.9
426.70      25.4
426.80      25.9
426.90      26.1
427.00      26.6
427.10      27.1
427.20      27.6
427.30      28.1
427.40      28.3
427.50      28.8
427.60      29.3
427.70      29.8
427.80      30.3
427.90      30.8
428.00      31.3
428.10      32.0
428.20      32.5
428.30      33.0
428.40      33.5
428.50      34.2
428.60      34.7
428.70      35.4
428.80      35.9
428.90      36.6
429.00      37.4
429.10      37.9
429.20      38.6
429.30      39.3
429.40      39.8
429.50      40.8
429.60      41.3
429.70      42.0
429.80      42.7
429.90      43.5
430.00      44.2
430.10      44.9
430.20      45.7
430.30      46.6
430.40      47.4
430.50      48.1
430.60      49.1
430.70      49.8
430.80      50.8
430.90      51.5
431.00      52.5
431.10      53.5
431.20      54.2
431.30      55.4
431.40      56.2
431.50      57.1
431.60      58.4
431.70      59.3
431.80      60.3
431.90      61.3
432.00      62.5
432.10      63.5
432.20      64.5
432.30      65.7
432.40      66.7
432.50      67.9
432.60      69.1
432.70      70.3
432.80      71.3
432.90      72.5
433.00      73.7
433.10      75.0
433.20      76.2
433.30      77.4
433.40      78.6
433.50      80.1
433.60      81.3
433.70      82.8
433.80      84.0
433.90      85.2
434.00      86.7
434.10      88.2
434.20      89.6
434.30      91.1
434.40      92.8
434.50      94.3
434.60      95.7
434.70      97.4
434.80      98.9
434.90      100.6
435.00      102.1
435.10      103.8
435.20      105.5
435.30      107.2
435.40      108.9
435.50      110.6
435.60      112.3
435.70      113.8
435.80      115.5
435.90      117.5
436.00      119.4
436.10      121.4
436.20      123.1
436.30      125.0
436.40      126.7
436.50      128.9
436.60      130.6
436.70      132.8
436.80      134.8
436.90      136.8
437.00      138.7
437.10      140.7
437.20      142.6
437.30      144.6
437.40      146.3
437.50      148.2
437.60      150.2
437.70      152.1
437.80      153.8
437.90      155.8
438.00      157.8
438.10      159.7
438.20      161.9
438.30      163.9
438.40      166.1
438.50      168.0
438.60      170.2
438.70      172.4
438.80      174.6
438.90      176.8
439.00      179.2
439.10      181.7
439.20      184.1
439.30      186.6
439.40      189.0
439.50      191.5
439.60      193.9
439.70      196.3
439.80      198.8
439.90      201.2
440.00      203.7
440.10      206.3
440.20      208.8
440.30      211.0
440.40      213.4
440.50      215.6
440.60      218.1
440.70      220.0
440.80      222.2
440.90      224.7
441.00      227.1
441.10      230.0
441.20      232.7
441.30      235.2
441.40      237.6
441.50      239.8
441.60      242.0
441.70      244.4
441.80      246.9
441.90      249.6
442.00      252.3
442.10      255.2
442.20      258.1
442.30      261.1
442.40      264.0
442.50      267.2
442.60      270.1
442.70      273.3
442.80      276.4
442.90      279.6
443.00      282.8
443.10      286.2
443.20      289.6
443.30      293.0
443.40      296.5
443.50      299.9
443.60      303.3
443.70      307.0
443.80      310.9
443.90      314.8
444.00      318.4
444.10      322.6
444.20      326.5
444.30      330.6
444.40      334.8
444.50      338.9
444.60      343.3
444.70      347.7
444.80      352.1
444.90      356.8
445.00      361.4
445.10      366.3
445.20      370.9
445.30      375.8
445.40      380.7
445.50      385.8
445.60      390.7
445.70      395.8
445.80      401.2
445.90      406.3
446.00      411.7
446.10      417.1
446.20      422.7
446.30      428.1
446.40      433.7
446.50      439.3
446.60      444.9
446.70      450.5
446.80      456.7
446.90      462.5
447.00      468.6
447.10      474.7
447.20      480.8
447.30      487.2
447.40      493.8
447.50      500.1
447.60      507.0
447.70      513.6
447.80      520.4
447.90      527.0
448.00      533.8
448.10      540.7
448.20      547.7
448.30      554.3
448.40      561.2
448.50      568.0
448.60      574.8
448.70      581.7
448.80      588.5
448.90      595.6
449.00      602.7
449.10      609.5
449.20      616.4
449.30      623.7
449.40      630.8
449.50      638.1
449.60      644.7
449.70      652.5
449.80      659.3
449.90      666.4
450.00      673.5
450.10      681.1
450.20      688.6
450.30      696.5
450.40      704.3
450.50      712.6
450.60      719.7
450.70      727.5
450.80      734.3
450.90      741.9
451.00      748.7
451.10      755.8
451.20      762.6
451.30      769.7
451.40      776.6
451.50      782.9
451.60      790.0
451.70      795.6
451.80      801.5
451.90      808.3
452.00      814.4
452.10      820.8
452.20      826.4
452.30      832.2
452.40      838.1
452.50      844.0
452.60      849.8
452.70      855.7
452.80      861.1
452.90      866.7
453.00      872.0
453.10      877.4
453.20      882.5
453.30      887.7
453.40      892.8
453.50      897.4
453.60      902.3
453.70      907.0
453.80      911.6
453.90      915.8
454.00      920.1
454.10      924.3
454.20      928.4
454.30      932.4
454.40      936.3
454.50      939.9
454.60      943.6
454.70      946.8
454.80      950.2
454.90      953.1
455.00      956.3
455.10      959.0
455.20      961.7
455.30      964.3
455.40      966.8
455.50      969.0
455.60      971.2
455.70      973.1
455.80      975.1
455.90      976.8
456.00      978.5
456.10      980.0
456.20      981.4
456.30      982.4
456.40      983.4
456.50      984.4
456.60      985.1
456.70      985.6
456.80      986.3
456.90      986.6
457.00      986.8
457.10      986.6
457.20      986.6
457.30      986.3
457.40      986.1
457.50      985.3
457.60      984.9
457.70      983.9
457.80      983.2
457.90      981.9
458.00      980.7
458.10      979.2
458.20      977.8
458.30      975.8
458.40      974.1
458.50      972.2
458.60      970.0
458.70      967.5
458.80      965.1
458.90      962.4
459.00      959.7
459.10      956.8
459.20      953.8
459.30      950.4
459.40      947.3
459.50      943.6
459.60      939.9
459.70      936.0
459.80      932.1
459.90      927.7
460.00      923.6
460.10      918.9
460.20      914.3
460.30      909.4
460.40      904.5
460.50      899.4
460.60      894.3
460.70      888.9
460.80      883.5
460.90      877.9
461.00      872.3
461.10      866.4
461.20      860.6
461.30      854.5
461.40      848.6
461.50      842.2
461.60      836.4
461.70      829.8
461.80      823.4
461.90      816.8
462.00      810.5
462.10      803.9
462.20      797.3
462.30      790.7
462.40      784.4
462.50      777.5
462.60      770.9
462.70      764.1
462.80      757.5
462.90      750.9
463.00      744.1
463.10      737.2
463.20      730.4
463.30      723.3
463.40      716.5
463.50      709.4
463.60      702.3
463.70      695.5
463.80      688.6
463.90      681.6
464.00      675.0
464.10      668.1
464.20      661.3
464.30      654.7
464.40      648.4
464.50      642.0
464.60      635.9
464.70      629.5
464.80      623.4
464.90      617.3
465.00      611.2
465.10      605.1
465.20      599.5
465.30      593.4
465.40      587.8
465.50      581.7
465.60      576.3
465.70      570.2
465.80      564.8
465.90      559.5
466.00      554.3
466.10      548.7
466.20      543.3
466.30      537.7
466.40      532.1
466.50      526.3
466.60      521.4
466.70      516.0
466.80      511.1
466.90      506.2
467.00      501.6
467.10      496.7
467.20      492.3
467.30      487.4
467.40      483.0
467.50      478.9
467.60      474.5
467.70      470.3
467.80      466.4
467.90      462.5
468.00      458.6
468.10      454.7
468.20      451.3
468.30      447.4
468.40      443.7
468.50      440.0
468.60      436.4
468.70      432.5
468.80      429.1
468.90      425.4
469.00      422.0
469.10      418.3
469.20      415.1
469.30      411.7
469.40      408.3
469.50      404.9
469.60      401.7
469.70      398.3
469.80      395.1
469.90      391.9
470.00      388.8
470.10      385.6
470.20      382.4
470.30      379.2
470.40      376.1
470.50      373.1
470.60      370.0
470.70      367.0
470.80      364.1
470.90      361.2
471.00      358.5
471.10      355.6
471.20      352.6
471.30      349.9
471.40      347.0
471.50      344.3
471.60      341.6
471.70      338.9
471.80      336.3
471.90      333.6
472.00      331.1
472.10      328.4
472.20      325.8
472.30      323.3
472.40      320.9
472.50      318.4
472.60      315.8
472.70      313.3
472.80      310.9
472.90      308.4
473.00      306.0
473.10      303.5
473.20      301.1
473.30      298.7
473.40      296.5
473.50      294.0
473.60      291.6
473.70      289.1
473.80      286.7
473.90      284.2
474.00      282.1
474.10      279.6
474.20      277.2
474.30      274.7
474.40      272.5
474.50      270.1
474.60      267.6
474.70      265.4
474.80      263.0
474.90      260.6
475.00      258.1
475.10      255.7
475.20      253.5
475.30      251.0
475.40      248.8
475.50      246.4
475.60      244.0
475.70      241.5
475.80      239.1
475.90      236.6
476.00      234.2
476.10      231.7
476.20      229.3
476.30      227.1
476.40      224.7
476.50      222.2
476.60      219.8
476.70      217.3
476.80      215.1
476.90      212.7
477.00      210.3
477.10      208.1
477.20      205.6
477.30      203.4
477.40      201.0
477.50      198.8
477.60      196.3
477.70      194.1
477.80      191.9
477.90      189.7
478.00      187.5
478.10      185.3
478.20      183.2
478.30      181.0
478.40      179.0
478.50      176.8
478.60      174.8
478.70      172.9
478.80      170.7
478.90      168.7
479.00      166.8
479.10      164.6
479.20      162.6
479.30      160.7
479.40      158.7
479.50      156.8
479.60      154.8
479.70      152.9
479.80      151.2
479.90      149.2
480.00      147.3
480.10      145.5
480.20      143.8
480.30      142.1
480.40      140.4
480.50      138.7
480.60      137.0
480.70      135.3
480.80      133.8
480.90      132.1
481.00      130.4
481.10      128.9
481.20      127.5
481.30      126.0
481.40      124.3
481.50      122.8
481.60      121.4
481.70      119.9
481.80      118.7
481.90      117.2
482.00      115.8
482.10      114.5
482.20      113.1
482.30      111.6
482.40      110.1
482.50      108.9
482.60      107.4
482.70      106.2
482.80      105.0
482.90      103.8
483.00      102.6
483.10      101.3
483.20      100.1
483.30      98.9
483.40      97.9
483.50      96.9
483.60      95.7
483.70      94.7
483.80      93.5
483.90      92.8
484.00      91.8
484.10      90.8
484.20      89.9
484.30      89.1
484.40      88.2
484.50      87.2
484.60      86.4
484.70      85.5
484.80      84.5
484.90      83.8
485.00      83.0
485.10      82.1
485.20      81.3
485.30      80.6
485.40      79.6
485.50      78.9
485.60      78.1
485.70      77.4
485.80      76.7
485.90      75.9
486.00      75.2
486.10      74.5
486.20      73.7
486.30      73.0
486.40      72.3
486.50      71.6
486.60      71.1
486.70      70.3
486.80      69.6
486.90      68.9
487.00      68.4
487.10      67.6
487.20      67.2
487.30      66.4
487.40      65.9
487.50      65.2
487.60      64.7
487.70      64.2
487.80      63.5
487.90      63.0
488.00      62.5
488.10      62.0
488.20      61.3
488.30      60.8
488.40      60.3
488.50      59.8
488.60      59.3
488.70      58.9
488.80      58.1
488.90      57.6
489.00      57.1
489.10      56.7
489.20      56.2
489.30      55.7
489.40      55.2
489.50      54.7
489.60      54.2
489.70      53.7
489.80      53.2
489.90      53.0
490.00      52.5
490.10      52.0
490.20      51.5
490.30      51.0
490.40      50.5
490.50      50.1
490.60      49.6
490.70      49.1
490.80      48.6
490.90      48.4
491.00      47.9
491.10      47.4
491.20      46.9
491.30      46.4
491.40      45.9
491.50      45.7
491.60      45.2
491.70      44.7
491.80      44.2
491.90      43.7
492.00      43.5
492.10      43.0
492.20      42.5
492.30      42.0
492.40      41.5
492.50      41.3
492.60      40.8
492.70      40.3
492.80      39.8
492.90      39.6
493.00      39.1
493.10      38.6
493.20      38.3
493.30      37.9
493.40      37.4
493.50      37.1
493.60      36.6
493.70      36.1
493.80      35.9
493.90      35.4
494.00      34.9
494.10      34.7
494.20      34.2
494.30      33.9
494.40      33.5
494.50      33.2
494.60      32.7
494.70      32.5
494.80      32.0
494.90      31.7
495.00      31.3
495.10      31.0
495.20      30.5
495.30      30.3
495.40      30.0
495.50      29.5
495.60      29.3
495.70      29.1
495.80      28.6
495.90      28.3
496.00      28.1
496.10      27.6
496.20      27.4
496.30      27.1
496.40      26.6
496.50      26.4
496.60      26.1
496.70      25.9
496.80      25.6
496.90      25.2
497.00      24.9
497.10      24.7
497.20      24.4
497.30      24.2
497.40      23.9
497.50      23.7
497.60      23.4
497.70      23.0
497.80      22.7
497.90      22.5
498.00      22.2
498.10      22.2
498.20      21.7
498.30      21.7
498.40      21.2
498.50      21.0
498.60      20.8
498.70      20.8
498.80      20.3
498.90      20.3
499.00      20.0
499.10      19.8
499.20      19.5
499.30      19.3
499.40      19.0
499.50      19.0
499.60      18.8
499.70      18.6
499.80      18.3
499.90      18.3
500.00      18.1
500.10      17.8
500.20      17.6
500.30      17.6
500.40      17.3
500.50      17.1
500.60      17.1
500.70      16.8
500.80      16.6
500.90      16.6
501.00      16.4
501.10      16.1
501.20      16.1
501.30      15.9
501.40      15.6
501.50      15.6
501.60      15.4
501.70      15.4
501.80      15.1
501.90      15.1
502.00      14.9
502.10      14.7
502.20      14.7
502.30      14.4
502.40      14.4
502.50      14.2
502.60      14.2
502.70      13.9
502.80      13.9
502.90      13.7
503.00      13.7
503.10      13.4
503.20      13.4
503.30      13.2
503.40      13.2
503.50      13.2
503.60      12.9
503.70      12.9
503.80      12.7
503.90      12.7
504.00      12.5
504.10      12.5
504.20      12.2
504.30      12.2
504.40      12.2
504.50      12.0
504.60      12.0
504.70      12.0
504.80      11.7
504.90      11.7
505.00      11.5
505.10      11.5
505.20      11.5
505.30      11.2
505.40      11.2
505.50      11.2
505.60      11.0
505.70      11.0
505.80      10.7
505.90      10.7
506.00      10.7
506.10      10.5
506.20      10.5
506.30      10.5
506.40      10.3
506.50      10.3
506.60      10.3
506.70      10.3
506.80      10.0
506.90      10.0
507.00      9.8
507.10      9.8
507.20      9.8
507.30      9.8
507.40      9.5
507.50      9.5
507.60      9.5
507.70      9.3
507.80      9.3
507.90      9.3
508.00      9.0
508.10      9.0
508.20      8.8
508.30      8.8
508.40      8.8
508.50      8.8
508.60      8.5
508.70      8.5
508.80      8.5
508.90      8.3
509.00      8.3
509.10      8.3
509.20      8.3
509.30      8.1
509.40      8.1
509.50      8.1
509.60      7.8
509.70      7.8
509.80      7.8
509.90      7.8
510.00      7.6
510.10      7.6
510.20      7.6
510.30      7.6
510.40      7.3
510.50      7.3
510.60      7.3
510.70      7.3
510.80      7.1
510.90      7.1
511.00      7.1
511.10      6.8
511.20      6.8
511.30      6.8
511.40      6.8
511.50      6.8
511.60      6.6
511.70      6.6
511.80      6.6
511.90      6.6
512.00      6.3
512.10      6.3
512.20      6.3
512.30      6.3
512.40      6.3
512.50      6.1
512.60      6.1
512.70      6.1
512.80      6.1
512.90      6.1
513.00      5.9
513.10      5.9
513.20      5.9
513.30      5.9
513.40      5.9
513.50      5.9
513.60      5.6
513.70      5.6
513.80      5.6
513.90      5.6
514.00      5.4
514.10      5.4
514.20      5.4
514.30      5.4
514.40      5.4
514.50      5.4
514.60      5.1
514.70      5.1
514.80      5.1
514.90      5.1
515.00      5.1
515.10      5.1
515.20      4.9
515.30      4.9
515.40      4.9
515.50      4.9
515.60      4.9
515.70      4.9
515.80      4.9
515.90      4.9
516.00      4.6
516.10      4.6
516.20      4.6
516.30      4.6
516.40      4.6
516.50      4.6
516.60      4.4
516.70      4.4
516.80      4.4
516.90      4.4
517.00      4.4
517.10      4.4
517.20      4.4
517.30      4.4
517.40      4.4
517.50      4.4
517.60      4.2
517.70      4.2
517.80      4.2
517.90      4.2
518.00      4.2
518.10      4.2
518.20      4.2
518.30      4.2
518.40      4.2
518.50      4.2
518.60      3.9
518.70      3.9
518.80      3.9
518.90      3.9
519.00      3.9
519.10      3.9
519.20      3.9
519.30      3.9
519.40      3.9
519.50      3.9
519.60      3.7
519.70      3.7
519.80      3.7
519.90      3.7
520.00      3.7
520.10      3.7
520.20      3.7
520.30      3.7
520.40      3.7
520.50      3.7
520.60      3.7
520.70      3.7
520.80      3.4
520.90      3.7
521.00      3.4
521.10      3.4
521.20      3.4
521.30      3.4
521.40      3.4
521.50      3.4
521.60      3.4
521.70      3.4
521.80      3.4
521.90      3.4
522.00      3.4
522.10      3.4
522.20      3.2
522.30      3.4
522.40      3.2
522.50      3.2
522.60      3.2
522.70      3.2
522.80      3.2
522.90      3.2
523.00      3.2
523.10      3.2
523.20      3.2
523.30      3.2
523.40      3.2
523.50      3.2
523.60      3.2
523.70      3.2
523.80      2.9
523.90      3.2
524.00      2.9
524.10      3.2
524.20      2.9
524.30      2.9
524.40      2.9
524.50      2.9
524.60      2.9
524.70      2.9
524.80      2.9
524.90      2.9
525.00      2.9
525.10      2.9
525.20      2.9
525.30      2.9
525.40      2.9
525.50      2.9
525.60      2.9
525.70      2.9
525.80      2.7
525.90      2.7
526.00      2.7
526.10      2.7
526.20      2.7
526.30      2.7
526.40      2.7
526.50      2.7
526.60      2.7
526.70      2.7
526.80      2.7
526.90      2.7
527.00      2.7
527.10      2.7
527.20      2.7
527.30      2.7
527.40      2.7
527.50      2.7
527.60      2.7
527.70      2.7
527.80      2.7
527.90      2.7
528.00      2.7
528.10      2.7
528.20      2.4
528.30      2.4
528.40      2.4
528.50      2.4
528.60      2.4
528.70      2.4
528.80      2.4
528.90      2.4
529.00      2.4
529.10      2.4
529.20      2.4
529.30      2.4
529.40      2.4
529.50      2.4
529.60      2.4
529.70      2.4
529.80      2.4
529.90      2.4
530.00      2.4
530.10      2.4
530.20      2.4
530.30      2.4
530.40      2.4
530.50      2.4
530.60      2.4
530.70      2.4
530.80      2.2
530.90      2.4
531.00      2.2
531.10      2.4
531.20      2.2
531.30      2.4
531.40      2.2
531.50      2.2
531.60      2.2
531.70      2.2
531.80      2.2
531.90      2.2
532.00      2.2
532.10      2.2
532.20      2.2
532.30      2.2
532.40      2.2
532.50      2.2
532.60      2.2
532.70      2.2
532.80      2.2
532.90      2.2
533.00      2.2
533.10      2.2
533.20      2.2
533.30      2.2
533.40      2.2
533.50      2.2
533.60      2.2
533.70      2.2
533.80      2.2
533.90      2.2
534.00      2.2
534.10      2.2
534.20      2.2
534.30      2.2
534.40      2.2
534.50      2.2
534.60      2.2
534.70      2.2
534.80      2.2
534.90      2.2
535.00      2.2
535.10      2.2
535.20      2.2
535.30      2.2
535.40      2.0
535.50      2.2
535.60      2.0
535.70      2.2
535.80      2.0
535.90      2.2
536.00      2.0
536.10      2.0
536.20      2.0
536.30      2.0
536.40      2.0
536.50      2.0
536.60      2.0
536.70      2.0
536.80      2.0
536.90      2.0
537.00      2.0
537.10      2.0
537.20      2.0
537.30      2.0
537.40      2.0
537.50      2.0
537.60      2.0
537.70      2.0
537.80      2.0
537.90      2.0
538.00      2.0
538.10      2.0
538.20      2.0
538.30      2.0
538.40      2.0
538.50      2.0
538.60      2.0
538.70      2.0
538.80      2.0
538.90      2.0
539.00      2.0
539.10      2.0
539.20      2.0
539.30      2.0
539.40      2.0
539.50      2.0
539.60      2.0
539.70      2.0
539.80      2.0
539.90      2.0
540.00      2.0
540.10      2.0
540.20      2.0
540.30      2.0
540.40      2.0
540.50      2.0
540.60      2.0
540.70      2.0
540.80      2.0
540.90      2.0
541.00      1.7
541.10      2.0
541.20      1.7
541.30      2.0
541.40      1.7
541.50      2.0
541.60      1.7
541.70      2.0
541.80      1.7
541.90      1.7
542.00      1.7
542.10      2.0
542.20      1.7
542.30      1.7
542.40      1.7
542.50      1.7
542.60      1.7
542.70      1.7
542.80      1.7
542.90      1.7
543.00      1.7
543.10      1.7
543.20      1.7
543.30      1.7
543.40      1.7
543.50      1.7
543.60      1.7
543.70      1.7
543.80      1.7
543.90      1.7
544.00      1.7
544.10      1.7
544.20      1.7
544.30      1.7
544.40      1.7
544.50      1.7
544.60      1.7
544.70      1.7
544.80      1.7
544.90      1.7
545.00      1.7
545.10      1.7
545.20      1.7
545.30      1.7
545.40      1.7
545.50      1.7
545.60      1.7
545.70      1.7
545.80      1.7
545.90      1.7
546.00      1.7
546.10      1.7
546.20      1.7
546.30      1.7
546.40      1.7
546.50      1.7
546.60      1.7
546.70      1.7
546.80      1.7
546.90      1.7
547.00      1.7
547.10      1.7
547.20      1.7
547.30      1.7
547.40      1.7
547.50      1.7
547.60      1.7
547.70      1.7
547.80      1.7
547.90      1.7
548.00      1.7
548.10      1.7
548.20      1.7
548.30      1.7
548.40      1.7
548.50      1.7
548.60      1.7
548.70      1.7
548.80      1.7
548.90      1.7
549.00      1.7
549.10      1.7
549.20      1.7
549.30      1.7
549.40      1.7
549.50      1.7
549.60      1.5
549.70      1.7
549.80      1.5
549.90      1.7
550.00      1.7
550.10      1.7
550.20      1.5
550.30      1.7
550.40      1.5
550.50      1.7
550.60      1.5
550.70      1.7
550.80      1.5
550.90      1.7
551.00      1.5
551.10      1.5
551.20      1.5
551.30      1.5
551.40      1.5
551.50      1.7
551.60      1.5
551.70      1.7
551.80      1.5
551.90      1.5
552.00      1.5
552.10      1.5
552.20      1.5
552.30      1.7
552.40      1.5
552.50      1.5
552.60      1.5
552.70      1.5
552.80      1.5
552.90      1.5
553.00      1.5
553.10      1.5
553.20      1.5
553.30      1.5
553.40      1.5
553.50      1.5
553.60      1.5
553.70      1.5
553.80      1.5
553.90      1.5
554.00      1.5
554.10      1.5
554.20      1.5
554.30      1.5
554.40      1.5
554.50      1.5
554.60      1.5
554.70      1.5
554.80      1.5
554.90      1.5
555.00      1.5
555.10      1.5
555.20      1.5
555.30      1.5
555.40      1.5
555.50      1.5
555.60      1.5
555.70      1.5
555.80      1.5
555.90      1.5
556.00      1.5
556.10      1.5
556.20      1.5
556.30      1.5
556.40      1.5
556.50      1.5
556.60      1.5
556.70      1.5
556.80      1.5
556.90      1.5
557.00      1.5
557.10      1.5
557.20      1.5
557.30      1.5
557.40      1.5
557.50      1.5
557.60      1.5
557.70      1.5
557.80      1.5
557.90      1.5
558.00      1.5
558.10      1.5
558.20      1.5
558.30      1.5
558.40      1.5
558.50      1.5
558.60      1.5
558.70      1.5
558.80      1.5
558.90      1.5
559.00      1.5
559.10      1.5
559.20      1.5
559.30      1.5
559.40      1.5
559.50      1.5
559.60      1.5
559.70      1.5
559.80      1.5
559.90      1.5
560.00      1.5
560.10      1.5
560.20      1.5
560.30      1.5
560.40      1.5
560.50      1.5
560.60      1.5
560.70      1.5
560.80      1.5
560.90      1.5
561.00      1.5
561.10      1.5
561.20      1.5
561.30      1.5
561.40      1.5
561.50      1.5
561.60      1.5
561.70      1.5
561.80      1.5
561.90      1.5
562.00      1.5
562.10      1.5
562.20      1.5
562.30      1.5
562.40      1.5
562.50      1.5
562.60      1.5
562.70      1.5
562.80      1.5
562.90      1.5
563.00      1.5
563.10      1.5
563.20      1.5
563.30      1.5
563.40      1.5
563.50      1.5
563.60      1.5
563.70      1.5
563.80      1.5
563.90      1.5
564.00      1.5
564.10      1.5
564.20      1.5
564.30      1.5
564.40      1.5
564.50      1.5
564.60      1.5
564.70      1.5
564.80      1.5
564.90      1.5
565.00      1.5
565.10      1.5
565.20      1.5
565.30      1.5
565.40      1.5
565.50      1.5
565.60      1.5
565.70      1.5
565.80      1.5
565.90      1.5
566.00      1.5
566.10      1.5
566.20      1.5
566.30      1.5
566.40      1.5
566.50      1.5
566.60      1.5
566.70      1.5
566.80      1.5
566.90      1.5
567.00      1.5
567.10      1.5
567.20      1.5
567.30      1.5
567.40      1.5
567.50      1.5
567.60      1.5
567.70      1.5
567.80      1.5
567.90      1.5
568.00      1.5
568.10      1.5
568.20      1.5
568.30      1.5
568.40      1.5
568.50      1.5
568.60      1.5
568.70      1.5
568.80      1.5
568.90      1.5
569.00      1.5
569.10      1.5
569.20      1.5
569.30      1.5
569.40      1.5
569.50      1.5
569.60      1.5
569.70      1.5
569.80      1.5
569.90      1.5
570.00      1.5
570.10      1.5
570.20      1.5
570.30      1.5
570.40      1.5
570.50      1.5
570.60      1.5
570.70      1.5
570.80      1.5
570.90      1.5
571.00      1.5
571.10      1.5
571.20      1.5
571.30      1.5
571.40      1.5
571.50      1.5
571.60      1.5
571.70      1.5
571.80      1.5
571.90      1.5
572.00      1.5
572.10      1.5
572.20      1.5
572.30      1.5
572.40      1.5
572.50      1.5
572.60      1.5
572.70      1.5
572.80      1.5
572.90      1.5
573.00      1.5
573.10      1.5
573.20      1.5
573.30      1.5
573.40      1.5
573.50      1.5
573.60      1.5
573.70      1.5
573.80      1.5
573.90      1.5
574.00      1.5
574.10      1.5
574.20      1.5
574.30      1.5
574.40      1.5
574.50      1.5
574.60      1.5
574.70      1.5
574.80      1.5
574.90      1.5
575.00      1.5
575.10      1.5
575.20      1.5
575.30      1.5
575.40      1.5
575.50      1.5
575.60      1.5
575.70      1.5
575.80      1.5
575.90      1.5
576.00      1.5
576.10      1.5
576.20      1.5
576.30      1.5
576.40      1.5
576.50      1.5
576.60      1.5
576.70      1.5
576.80      1.5
576.90      1.5
577.00      1.5
577.10      1.5
577.20      1.5
577.30      1.5
577.40      1.5
577.50      1.5
577.60      1.5
577.70      1.5
577.80      1.5
577.90      1.5
578.00      1.5
578.10      1.5
578.20      1.5
578.30      1.5
578.40      1.5
578.50      1.5
578.60      1.5
578.70      1.5
578.80      1.5
578.90      1.5
579.00      1.5
579.10      1.5
579.20      1.5
579.30      1.5
579.40      1.5
579.50      1.5
579.60      1.5
579.70      1.5
579.80      1.5
579.90      1.5
580.00      1.5
580.10      1.5
580.20      1.5
580.30      1.5
580.40      1.5
580.50      1.5
580.60      1.5
580.70      1.5
580.80      1.5
580.90      1.5
581.00      1.5
581.10      1.5
581.20      1.5
581.30      1.5
581.40      1.5
581.50      1.5
581.60      1.5
581.70      1.5
581.80      1.5
581.90      1.5
582.00      1.5
582.10      1.5
582.20      1.5
582.30      1.5
582.40      1.5
582.50      1.5
582.60      1.5
582.70      1.5
582.80      1.5
582.90      1.7
583.00      1.5
583.10      1.5
583.20      1.5
583.30      1.5
583.40      1.5
583.50      1.7
583.60      1.5
583.70      1.7
583.80      1.5
583.90      1.7
584.00      1.5
584.10      1.7
584.20      1.5
584.30      1.7
584.40      1.5
584.50      1.7
584.60      1.5
584.70      1.7
584.80      1.5
584.90      1.7
585.00      1.5
585.10      1.7
585.20      1.5
585.30      1.7
585.40      1.7
585.50      1.7
585.60      1.7
585.70      1.7
585.80      1.7
585.90      1.7
586.00      1.7
586.10      1.7
586.20      1.7
586.30      1.7
586.40      1.7
586.50      1.7
586.60      1.7
586.70      1.7
586.80      1.7
586.90      1.7
587.00      1.7
587.10      1.7
587.20      1.7
587.30      1.7
587.40      1.7
587.50      1.7
587.60      1.7
587.70      1.7
587.80      1.7
587.90      1.7
588.00      1.7
588.10      1.7
588.20      1.7
588.30      1.7
588.40      1.7
588.50      1.7
588.60      1.7
588.70      1.7
588.80      1.7
588.90      1.7
589.00      1.7
589.10      1.7
589.20      1.7
589.30      1.7
589.40      1.7
589.50      1.7
589.60      1.7
589.70      1.7
589.80      1.7
589.90      1.7
590.00      1.7
590.10      1.7
590.20      1.7
590.30      1.7
590.40      1.7
590.50      1.7
590.60      1.7
590.70      1.7
590.80      1.7
590.90      1.7
591.00      1.7
591.10      1.7
591.20      1.7
591.30      2.0
591.40      1.7
591.50      2.0
591.60      1.7
591.70      2.0
591.80      1.7
591.90      2.0
592.00      1.7
592.10      2.0
592.20      2.0
592.30      2.0
592.40      2.0
592.50      2.0
592.60      2.0
592.70      2.0
592.80      2.0
592.90      2.0
593.00      2.0
593.10      2.0
593.20      2.0
593.30      2.0
593.40      2.0
593.50      2.0
593.60      2.0
593.70      2.0
593.80      2.0
593.90      2.0
594.00      2.0
594.10      2.0
594.20      2.0
594.30      2.0
594.40      2.0
594.50      2.0
594.60      2.0
594.70      2.0
594.80      2.0
594.90      2.0
595.00      2.0
595.10      2.0
595.20      2.0
595.30      2.2
595.40      2.0
595.50      2.2
595.60      2.2
595.70      2.2
595.80      2.2
595.90      2.2
596.00      2.2
596.10      2.2
596.20      2.2
596.30      2.2
596.40      2.2
596.50      2.2
596.60      2.2
596.70      2.2
596.80      2.2
596.90      2.2
597.00      2.2
597.10      2.2
597.20      2.2
597.30      2.2
597.40      2.2
597.50      2.2
597.60      2.2
597.70      2.2
597.80      2.2
597.90      2.2
598.00      2.2
598.10      2.2
598.20      2.2
598.30      2.4
598.40      2.2
598.50      2.4
598.60      2.4
598.70      2.4
598.80      2.4
598.90      2.4
599.00      2.4
599.10      2.4
599.20      2.4
599.30      2.4
599.40      2.4
599.50      2.4
599.60      2.4
599.70      2.4
599.80      2.4
599.90      2.4
600.00      2.4
600.10      2.4
600.20      2.4
600.30      2.4
600.40      2.4
600.50      2.4
600.60      2.4
600.70      2.7
600.80      2.4
600.90      2.7
601.00      2.7
601.10      2.7
601.20      2.7
601.30      2.7
601.40      2.7
601.50      2.7
601.60      2.7
601.70      2.7
601.80      2.7
601.90      2.7
602.00      2.7
602.10      2.7
602.20      2.7
602.30      2.7
602.40      2.7
602.50      2.7
602.60      2.7
602.70      2.7
602.80      2.7
602.90      2.9
603.00      2.9
603.10      2.9
603.20      2.9
603.30      2.9
603.40      2.9
603.50      2.9
603.60      2.9
603.70      2.9
603.80      2.9
603.90      2.9
604.00      2.9
604.10      2.9
604.20      2.9
604.30      3.2
604.40      2.9
604.50      3.2
604.60      3.2
604.70      3.2
604.80      3.2
604.90      3.2
605.00      3.2
605.10      3.2
605.20      3.2
605.30      3.2
605.40      3.2
605.50      3.4
605.60      3.2
605.70      3.4
605.80      3.4
605.90      3.4
606.00      3.4
606.10      3.4
606.20      3.4
606.30      3.4
606.40      3.4
606.50      3.7
606.60      3.4
606.70      3.7
606.80      3.7
606.90      3.7
607.00      3.7
607.10      3.7
607.20      3.7
607.30      3.7
607.40      3.7
607.50      3.7
607.60      3.7
607.70      3.9
607.80      3.9
607.90      3.9
608.00      3.9
608.10      3.9
608.20      3.9
608.30      3.9
608.40      3.9
608.50      4.2
608.60      4.2
608.70      4.2
608.80      4.2
608.90      4.2
609.00      4.2
609.10      4.2
609.20      4.2
609.30      4.4
609.40      4.4
609.50      4.4
609.60      4.4
609.70      4.4
609.80      4.4
609.90      4.4
610.00      4.4
610.10      4.6
610.20      4.6
610.30      4.6
610.40      4.6
610.50      4.6
610.60      4.6
610.70      4.9
610.80      4.9
610.90      4.9
611.00      4.9
611.10      4.9
611.20      4.9
611.30      4.9
611.40      4.9
611.50      5.1
611.60      5.1
611.70      5.1
611.80      5.1
611.90      5.1
612.00      5.1
612.10      5.4
612.20      5.4
612.30      5.4
612.40      5.4
612.50      5.4
612.60      5.4
612.70      5.6
612.80      5.6
612.90      5.6
613.00      5.6
613.10      5.6
613.20      5.6
613.30      5.9
613.40      5.9
613.50      5.9
613.60      5.9
613.70      5.9
613.80      5.9
613.90      6.1
614.00      6.1
614.10      6.1
614.20      6.1
614.30      6.1
614.40      6.1
614.50      6.3
614.60      6.3
614.70      6.3
614.80      6.3
614.90      6.3
615.00      6.3
615.10      6.6
615.20      6.6
615.30      6.6
615.40      6.6
615.50      6.6
615.60      6.6
615.70      6.8
615.80      6.8
615.90      6.8
616.00      6.8
616.10      7.1
616.20      7.1
616.30      7.1
616.40      7.1
616.50      7.1
616.60      7.1
616.70      7.3
616.80      7.3
616.90      7.3
617.00      7.3
617.10      7.6
617.20      7.6
617.30      7.6
617.40      7.6
617.50      7.8
617.60      7.8
617.70      7.8
617.80      7.8
617.90      7.8
618.00      8.1
618.10      8.1
618.20      8.1
618.30      8.1
618.40      8.1
618.50      8.3
618.60      8.3
618.70      8.3
618.80      8.3
618.90      8.5
619.00      8.5
619.10      8.5
619.20      8.5
619.30      8.8
619.40      8.8
619.50      8.8
619.60      8.8
619.70      9.0
619.80      9.0
619.90      9.0
620.00      9.3
620.10      9.3
620.20      9.3
620.30      9.5
620.40      9.5
620.50      9.5
620.60      9.5
620.70      9.8
620.80      9.8
620.90      10.0
621.00      10.0
621.10      10.0
621.20      10.0
621.30      10.3
621.40      10.3
621.50      10.5
621.60      10.5
621.70      10.5
621.80      10.5
621.90      10.7
622.00      10.7
622.10      11.0
622.20      11.0
622.30      11.0
622.40      11.0
622.50      11.2
622.60      11.2
622.70      11.5
622.80      11.5
622.90      11.7
623.00      11.7
623.10      11.7
623.20      12.0
623.30      12.0
623.40      12.2
623.50      12.2
623.60      12.2
623.70      12.5
623.80      12.5
623.90      12.7
624.00      12.7
624.10      12.9
624.20      12.9
624.30      13.2
624.40      13.2
624.50      13.4
624.60      13.4
624.70      13.4
624.80      13.7
624.90      13.7
625.00      13.9
625.10      13.9
625.20      14.2
625.30      14.2
625.40      14.4
625.50      14.4
625.60      14.7
625.70      14.7
625.80      14.9
625.90      14.9
626.00      15.1
626.10      15.1
626.20      15.4
626.30      15.6
626.40      15.6
626.50      15.9
626.60      15.9
626.70      16.1
626.80      16.1
626.90      16.4
627.00      16.4
627.10      16.6
627.20      16.6
627.30      16.8
627.40      16.8
627.50      17.1
627.60      17.3
627.70      17.3
627.80      17.3
627.90      17.6
628.00      17.8
628.10      18.1
628.20      18.1
628.30      18.3
628.40      18.3
628.50      18.6
628.60      18.6
628.70      18.8
628.80      18.8
628.90      19.0
629.00      19.3
629.10      19.5
629.20      19.5
629.30      19.8
629.40      19.8
629.50      20.0
629.60      20.0
629.70      20.3
629.80      20.5
629.90      20.5
630.00      20.8
630.10      21.0
630.20      21.0
630.30      21.2
630.40      21.2
630.50      21.7
630.60      21.7
630.70      21.7
630.80      22.0
630.90      22.2
631.00      22.2
631.10      22.5
631.20      22.7
631.30      22.7
631.40      22.7
631.50      23.2
631.60      23.2
631.70      23.4
631.80      23.4
631.90      23.7
632.00      23.7
632.10      23.9
632.20      24.2
632.30      24.4
632.40      24.4
632.50      24.4
632.60      24.7
632.70      24.9
632.80      24.9
632.90      25.2
633.00      25.4
633.10      25.4
633.20      25.4
633.30      25.6
633.40      25.9
633.50      25.9
633.60      26.1
633.70      26.4
633.80      26.4
633.90      26.6
634.00      26.6
634.10      26.9
634.20      26.9
634.30      27.1
634.40      27.4
634.50      27.6
634.60      27.6
634.70      27.6
634.80      27.8
634.90      28.1
635.00      28.1
635.10      28.3
635.20      28.3
635.30      28.3
635.40      28.6
635.50      28.8
635.60      28.8
635.70      28.8
635.80      29.1
635.90      29.3
636.00      29.1
636.10      29.3
636.20      29.3
636.30      29.5
636.40      29.3
636.50      29.5
636.60      29.8
636.70      29.8
636.80      29.5
636.90      29.8
637.00      29.8
637.10      29.8
637.20      29.8
637.30      30.0
637.40      29.8
637.50      29.8
637.60      29.8
637.70      29.8
637.80      29.8
637.90      29.5
638.00      29.5
638.10      29.5
638.20      29.3
638.30      29.3
638.40      29.3
638.50      29.1
638.60      28.8
638.70      28.8
638.80      28.8
638.90      28.6
639.00      28.3
639.10      28.3
639.20      28.1
639.30      27.8
639.40      27.6
639.50      27.6
639.60      27.1
639.70      27.1
639.80      26.9
639.90      26.6
640.00      26.1
640.10      26.1
640.20      25.9
640.30      25.6
640.40      25.2
640.50      25.2
640.60      24.7
640.70      24.4
640.80      24.2
640.90      23.9
641.00      23.4
641.10      23.2
641.20      23.0
641.30      22.7
641.40      22.2
641.50      22.0
641.60      21.7
641.70      21.5
641.80      21.0
641.90      20.8
642.00      20.5
642.10      20.0
642.20      19.8
642.30      19.5
642.40      19.0
642.50      18.8
642.60      18.6
642.70      18.3
642.80      18.1
642.90      17.6
643.00      17.3
643.10      17.3
643.20      16.8
643.30      16.6
643.40      16.4
643.50      16.1
643.60      15.9
643.70      15.6
643.80      15.4
643.90      15.1
644.00      14.9
644.10      14.7
644.20      14.4
644.30      14.2
644.40      13.9
644.50      13.9
644.60      13.4
644.70      13.4
644.80      13.2
644.90      12.9
645.00      12.7
645.10      12.5
645.20      12.5
645.30      12.2
645.40      12.0
645.50      11.7
645.60      11.7
645.70      11.5
645.80      11.2
645.90      11.0
646.00      11.0
646.10      10.7
646.20      10.5
646.30      10.5
646.40      10.3
646.50      10.0
646.60      10.0
646.70      9.8
646.80      9.8
646.90      9.5
647.00      9.5
647.10      9.3
647.20      9.0
647.30      9.0
647.40      8.8
647.50      8.8
647.60      8.5
647.70      8.5
647.80      8.3
647.90      8.3
648.00      8.3
648.10      8.1
648.20      8.1
648.30      7.8
648.40      7.8
648.50      7.6
648.60      7.6
648.70      7.6
648.80      7.3
648.90      7.3
649.00      7.1
649.10      7.1
649.20      6.8
649.30      6.8
649.40      6.8
649.50      6.8
649.60      6.6
649.70      6.6
649.80      6.3
649.90      6.3
650.00      6.3
650.10      6.1
650.20      6.1
650.30      6.1
650.40      5.9
650.50      5.9
650.60      5.9
650.70      5.9
650.80      5.6
650.90      5.6
651.00      5.4
651.10      5.4
651.20      5.4
651.30      5.4
651.40      5.1
651.50      5.1
651.60      5.1
651.70      5.1
651.80      4.9
651.90      4.9
652.00      4.9
652.10      4.6
652.20      4.6
652.30      4.6
652.40      4.6
652.50      4.4
652.60      4.4
652.70      4.4
652.80      4.4
652.90      4.2
653.00      4.2
653.10      4.2
653.20      4.2
653.30      4.2
653.40      3.9
653.50      3.9
653.60      3.9
653.70      3.9
653.80      3.7
653.90      3.7
654.00      3.7
654.10      3.7
654.20      3.7
654.30      3.7
654.40      3.4
654.50      3.4
654.60      3.4
654.70      3.4
654.80      3.4
654.90      3.4
655.00      3.2
655.10      3.2
655.20      3.2
655.30      3.2
655.40      3.2
655.50      3.2
655.60      2.9
655.70      2.9
655.80      2.9
655.90      2.9
656.00      2.9
656.10      2.9
656.20      2.9
656.30      2.9
656.40      2.7
656.50      2.7
656.60      2.7
656.70      2.7
656.80      2.7
656.90      2.7
657.00      2.7
657.10      2.7
657.20      2.4
657.30      2.7
657.40      2.4
657.50      2.4
657.60      2.4
657.70      2.4
657.80      2.4
657.90      2.4
658.00      2.4
658.10      2.4
658.20      2.4
658.30      2.4
658.40      2.2
658.50      2.2
658.60      2.2
658.70      2.2
658.80      2.2
658.90      2.2
659.00      2.2
659.10      2.2
659.20      2.2
659.30      2.2
659.40      2.2
659.50      2.2
659.60      2.2
659.70      2.2
659.80      2.2
659.90      2.2
660.00      2.0
660.10      2.0
660.20      2.0
660.30      2.0
660.40      2.0
660.50      2.0
660.60      2.0
660.70      2.0
660.80      2.0
660.90      2.0
661.00      2.0
661.10      2.0
661.20      2.0
661.30      2.0
661.40      2.0
661.50      2.0
661.60      2.0
661.70      2.0
661.80      2.0
661.90      2.0
662.00      2.0
662.10      2.0
662.20      2.0
662.30      2.0
662.40      1.7
662.50      2.0
662.60      1.7
662.70      1.7
662.80      1.7
662.90      1.7
663.00      1.7
663.10      1.7
663.20      1.7
663.30      1.7
663.40      1.7
663.50      1.7
663.60      1.7
663.70      1.7
663.80      1.7
663.90      1.7
664.00      1.7
664.10      1.7
664.20      1.7
664.30      1.7
664.40      1.7
664.50      1.7
664.60      1.7
664.70      1.7
664.80      1.7
664.90      1.7
665.00      1.7
665.10      1.7
665.20      1.7
665.30      1.7
665.40      1.7
665.50      1.7
665.60      1.7
665.70      1.7
665.80      1.7
665.90      1.7
666.00      1.7
666.10      1.7
666.20      1.5
666.30      1.7
666.40      1.5
666.50      1.7
666.60      1.5
666.70      1.7
666.80      1.5
666.90      1.7
667.00      1.5
667.10      1.5
667.20      1.5
667.30      1.5
667.40      1.5
667.50      1.5
667.60      1.5
667.70      1.5
667.80      1.5
667.90      1.5
668.00      1.5
668.10      1.5
668.20      1.5
668.30      1.5
668.40      1.5
668.50      1.5
668.60      1.5
668.70      1.5
668.80      1.5
668.90      1.5
669.00      1.5
669.10      1.5
669.20      1.5
669.30      1.5
669.40      1.5
669.50      1.5
669.60      1.5
669.70      1.5
669.80      1.5
669.90      1.5
670.00      1.5
670.10      1.5
670.20      1.5
670.30      1.5
670.40      1.5
670.50      1.5
670.60      1.5
670.70      1.5
670.80      1.5
670.90      1.5
671.00      1.5
671.10      1.5
671.20      1.5
671.30      1.5
671.40      1.5
671.50      1.5
671.60      1.5
671.70      1.5
671.80      1.5
671.90      1.5
672.00      1.5
672.10      1.5
672.20      1.5
672.30      1.5
672.40      1.5
672.50      1.5
672.60      1.5
672.70      1.5
672.80      1.5
672.90      1.5
673.00      1.5
673.10      1.5
673.20      1.5
673.30      1.5
673.40      1.5
673.50      1.5
673.60      1.5
673.70      1.5
673.80      1.5
673.90      1.5
674.00      1.5
674.10      1.5
674.20      1.5
674.30      1.5
674.40      1.5
674.50      1.5
674.60      1.5
674.70      1.5
674.80      1.5
674.90      1.5
675.00      1.2
675.10      1.5
675.20      1.2
675.30      1.5
675.40      1.5
675.50      1.5
675.60      1.5
675.70      1.5
675.80      1.2
675.90      1.5
676.00      1.2
676.10      1.5
676.20      1.2
676.30      1.5
676.40      1.2
676.50      1.5
676.60      1.2
676.70      1.5
676.80      1.2
676.90      1.5
677.00      1.2
677.10      1.5
677.20      1.2
677.30      1.5
677.40      1.2
677.50      1.5
677.60      1.2
677.70      1.5
677.80      1.2
677.90      1.5
678.00      1.2
678.10      1.5
678.20      1.2
678.30      1.5
678.40      1.2
678.50      1.5
678.60      1.2
678.70      1.5
678.80      1.2
678.90      1.2
679.00      1.2
679.10      1.5
679.20      1.2
679.30      1.5
679.40      1.2
679.50      1.5
679.60      1.2
679.70      1.2
679.80      1.2
679.90      1.2
680.00      1.2
680.10      1.5
680.20      1.2
680.30      1.5
680.40      1.2
680.50      1.2
680.60      1.2
680.70      1.2
680.80      1.2
680.90      1.5
681.00      1.2
681.10      1.5
681.20      1.2
681.30      1.2
681.40      1.2
681.50      1.2
681.60      1.2
681.70      1.5
681.80      1.2
681.90      1.5
682.00      1.2
682.10      1.2
682.20      1.2
682.30      1.2
682.40      1.2
682.50      1.2
682.60      1.2
682.70      1.2
682.80      1.2
682.90      1.2
683.00      1.2
683.10      1.2
683.20      1.2
683.30      1.2
683.40      1.2
683.50      1.2
683.60      1.2
683.70      1.2
683.80      1.2
683.90      1.2
684.00      1.2
684.10      1.2
684.20      1.2
684.30      1.2
684.40      1.2
684.50      1.2
684.60      1.2
684.70      1.2
684.80      1.2
684.90      1.2
685.00      1.2
685.10      1.2
685.20      1.2
685.30      1.2
685.40      1.2
685.50      1.2
685.60      1.2
685.70      1.2
685.80      1.2
685.90      1.2
686.00      1.2
686.10      1.2
686.20      1.2
686.30      1.2
686.40      1.2
686.50      1.2
686.60      1.2
686.70      1.2
686.80      1.2
686.90      1.2
687.00      1.2
687.10      1.2
687.20      1.2
687.30      1.2
687.40      1.2
687.50      1.2
687.60      1.2
687.70      1.2
687.80      1.2
687.90      1.2
688.00      1.2
688.10      1.2
688.20      1.2
688.30      1.2
688.40      1.2
688.50      1.2
688.60      1.2
688.70      1.2
688.80      1.2
688.90      1.2
689.00      1.2
689.10      1.2
689.20      1.2
689.30      1.2
689.40      1.2
689.50      1.2
689.60      1.2
689.70      1.2
689.80      1.2
689.90      1.2
690.00      1.2
690.10      1.2
690.20      1.2
690.30      1.2
690.40      1.2
690.50      1.2
690.60      1.2
690.70      1.2
690.80      1.2
690.90      1.2
691.00      1.2
691.10      1.2
691.20      1.2
691.30      1.2
691.40      1.2
691.50      1.2
691.60      1.2
691.70      1.2
691.80      1.2
691.90      1.2
692.00      1.2
692.10      1.2
692.20      1.2
692.30      1.2
692.40      1.2
692.50      1.2
692.60      1.2
692.70      1.2
692.80      1.2
692.90      1.2
693.00      1.2
693.10      1.2
693.20      1.2
693.30      1.2
693.40      1.2
693.50      1.2
693.60      1.2
693.70      1.2
693.80      1.2
693.90      1.2
694.00      1.2
694.10      1.2
694.20      1.2
694.30      1.2
694.40      1.2
694.50      1.2
694.60      1.2
694.70      1.2
694.80      1.2
694.90      1.2
695.00      1.2
695.10      1.2
695.20      1.2
695.30      1.2
695.40      1.2
695.50      1.2
695.60      1.2
695.70      1.2
695.80      1.2
695.90      1.2
696.00      1.2
696.10      1.2
696.20      1.2
696.30      1.2
696.40      1.2
696.50      1.2
696.60      1.2
696.70      1.2
696.80      1.2
696.90      1.2
697.00      1.2
697.10      1.2
697.20      1.2
697.30      1.2
697.40      1.2
697.50      1.2
697.60      1.2
697.70      1.2
697.80      1.2
697.90      1.2
698.00      1.2
698.10      1.2
698.20      1.2
698.30      1.2
698.40      1.2
698.50      1.2
698.60      1.2
698.70      1.2
698.80      1.2
698.90      1.2
699.00      1.2
699.10      1.2
699.20      1.2
699.30      1.2
699.40      1.2
699.50      1.2
699.60      1.2
699.70      1.2
699.80      1.2
699.90      1.2
700.00      1.2
700.10      1.2
700.20      1.2
700.30      1.2
700.40      1.2
700.50      1.2
700.60      1.2
700.70      1.2
700.80      1.2
700.90      1.2
701.00      1.2
701.10      1.2
701.20      1.2
701.30      1.2
701.40      1.2
701.50      1.2
701.60      1.2
701.70      1.2
701.80      1.2
701.90      1.2
702.00      1.2
702.10      1.2
702.20      1.2
702.30      1.2
702.40      1.2
702.50      1.2
702.60      1.2
702.70      1.2
702.80      1.2
702.90      1.2
703.00      1.2
703.10      1.2
703.20      1.2
703.30      1.2
703.40      1.2
703.50      1.2
703.60      1.2
703.70      1.2
703.80      1.2
703.90      1.2
704.00      1.2
704.10      1.2
704.20      1.2
704.30      1.2
704.40      1.2
704.50      1.2
704.60      1.2
704.70      1.2
704.80      1.2
704.90      1.2
705.00      1.2
705.10      1.2
705.20      1.2
705.30      1.2
705.40      1.2
705.50      1.2
705.60      1.2
705.70      1.2
705.80      1.2
705.90      1.2
706.00      1.2
706.10      1.2
706.20      1.2
706.30      1.2
706.40      1.2
706.50      1.2
706.60      1.2
706.70      1.2
706.80      1.2
706.90      1.2
707.00      1.2
707.10      1.2
707.20      1.2
707.30      1.2
707.40      1.2
707.50      1.2
707.60      1.2
707.70      1.2
707.80      1.2
707.90      1.2
708.00      1.2
708.10      1.2
708.20      1.2
708.30      1.2
708.40      1.2
708.50      1.2
708.60      1.2
708.70      1.2
708.80      1.2
708.90      1.2
709.00      1.2
709.10      1.2
709.20      1.2
709.30      1.2
709.40      1.2
709.50      1.2
709.60      1.2
709.70      1.2
709.80      1.2
709.90      1.2
710.00      1.2
710.10      1.2
710.20      1.2
710.30      1.2
710.40      1.2
710.50      1.2
710.60      1.2
710.70      1.2
710.80      1.2
710.90      1.2
711.00      1.2
711.10      1.2
711.20      1.2
711.30      1.2
711.40      1.2
711.50      1.2
711.60      1.2
711.70      1.2
711.80      1.2
711.90      1.2
712.00      1.2
712.10      1.2
712.20      1.2
712.30      1.2
712.40      1.2
712.50      1.2
712.60      1.2
712.70      1.2
712.80      1.2
712.90      1.2
713.00      1.2
713.10      1.2
713.20      1.2
713.30      1.2
713.40      1.2
713.50      1.2
713.60      1.2
713.70      1.2
713.80      1.2
713.90      1.2
714.00      1.2
714.10      1.2
714.20      1.2
714.30      1.2
714.40      1.2
714.50      1.2
714.60      1.2
714.70      1.2
714.80      1.2
714.90      1.2
715.00      1.2
715.10      1.2
715.20      1.2
715.30      1.2
715.40      1.2
715.50      1.2
715.60      1.2
715.70      1.2
715.80      1.2
715.90      1.2
716.00      1.2
716.10      1.2
716.20      1.2
716.30      1.2
716.40      1.2
716.50      1.2
716.60      1.2
716.70      1.2
716.80      1.2
716.90      1.2
717.00      1.2
717.10      1.2
717.20      1.2
717.30      1.2
717.40      1.2
717.50      1.2
717.60      1.2
717.70      1.2
717.80      1.2
717.90      1.2
718.00      1.2
718.10      1.2
718.20      1.2
718.30      1.2
718.40      1.2
718.50      1.2
718.60      1.2
718.70      1.2
718.80      1.2
718.90      1.2
719.00      1.2
719.10      1.2
719.20      1.2
719.30      1.2
719.40      1.2
719.50      1.2
719.60      1.2
719.70      1.2
719.80      1.2
719.90      1.2
720.00      1.2
720.10      1.2
720.20      1.2
720.30      1.2
720.40      1.2
720.50      1.2
720.60      1.2
720.70      1.2
720.80      1.2
720.90      1.2
721.00      1.2
721.10      1.2
721.20      1.2
721.30      1.2
721.40      1.2
721.50      1.2
721.60      1.2
721.70      1.2
721.80      1.2
721.90      1.2
722.00      1.2
722.10      1.2
722.20      1.2
722.30      1.2
722.40      1.2
722.50      1.2
722.60      1.2
722.70      1.2
722.80      1.2
722.90      1.2
723.00      1.2
723.10      1.2
723.20      1.2
723.30      1.2
723.40      1.2
723.50      1.2
723.60      1.2
723.70      1.2
723.80      1.2
723.90      1.2
724.00      1.2
724.10      1.2
724.20      1.2
724.30      1.2
724.40      1.2
724.50      1.2
724.60      1.2
724.70      1.2
724.80      1.2
724.90      1.2
725.00      1.2
725.10      1.2
725.20      1.2
725.30      1.2
725.40      1.2
725.50      1.2
725.60      1.2
725.70      1.2
725.80      1.2
725.90      1.2
726.00      1.2
726.10      1.2
726.20      1.2
726.30      1.2
726.40      1.2
726.50      1.2
726.60      1.2
726.70      1.2
726.80      1.2
726.90      1.2
727.00      1.2
727.10      1.2
727.20      1.2
727.30      1.2
727.40      1.2
727.50      1.2
727.60      1.2
727.70      1.2
727.80      1.2
727.90      1.2
728.00      1.2
728.10      1.2
728.20      1.2
728.30      1.2
728.40      1.2
728.50      1.2
728.60      1.2
728.70      1.2
728.80      1.2
728.90      1.2
729.00      1.2
729.10      1.2
729.20      1.2
729.30      1.2
729.40      1.2
729.50      1.2
729.60      1.2
729.70      1.2
729.80      1.2
729.90      1.2
730.00      1.2
730.10      1.2
730.20      1.2
730.30      1.2
730.40      1.2
730.50      1.2
730.60      1.2
730.70      1.2
730.80      1.2
730.90      1.2
731.00      1.2
731.10      1.2
731.20      1.2
731.30      1.2
731.40      1.2
731.50      1.2
731.60      1.2
731.70      1.2
731.80      1.2
731.90      1.2
732.00      1.2
732.10      1.2
732.20      1.2
732.30      1.2
732.40      1.2
732.50      1.2
732.60      1.2
732.70      1.2
732.80      1.2
732.90      1.2
733.00      1.2
733.10      1.2
733.20      1.2
733.30      1.2
733.40      1.2
733.50      1.2
733.60      1.2
733.70      1.2
733.80      1.2
733.90      1.2
734.00      1.2
734.10      1.2
734.20      1.2
734.30      1.2
734.40      1.2
734.50      1.2
734.60      1.2
734.70      1.2
734.80      1.2
734.90      1.2
735.00      1.2
735.10      1.2
735.20      1.2
735.30      1.2
735.40      1.2
735.50      1.2
735.60      1.2
735.70      1.2
735.80      1.2
735.90      1.2
736.00      1.2
736.10      1.2
736.20      1.2
736.30      1.2
736.40      1.2
736.50      1.2
736.60      1.2
736.70      1.2
736.80      1.2
736.90      1.2
737.00      1.2
737.10      1.2
737.20      1.2
737.30      1.2
737.40      1.2
737.50      1.2
737.60      1.2
737.70      1.2
737.80      1.2
737.90      1.2
738.00      1.2
738.10      1.2
738.20      1.2
738.30      1.2
738.40      1.2
738.50      1.2
738.60      1.2
738.70      1.2
738.80      1.2
738.90      1.2
739.00      1.2
739.10      1.2
739.20      1.2
739.30      1.2
739.40      1.2
739.50      1.2
739.60      1.2
739.70      1.2
739.80      1.2
739.90      1.2
740.00      1.2
740.10      1.2
740.20      1.2
740.30      1.2
740.40      1.2
740.50      1.2
740.60      1.2
740.70      1.2
740.80      1.2
740.90      1.2
741.00      1.2
741.10      1.2
741.20      1.2
741.30      1.2
741.40      1.2
741.50      1.2
741.60      1.2
741.70      1.2
741.80      1.2
741.90      1.2
742.00      1.2
742.10      1.2
742.20      1.2
742.30      1.2
742.40      1.2
742.50      1.2
742.60      1.2
742.70      1.2
742.80      1.2
742.90      1.2
743.00      1.2
743.10      1.2
743.20      1.2
743.30      1.2
743.40      1.2
743.50      1.2
743.60      1.2
743.70      1.2
743.80      1.2
743.90      1.2
744.00      1.2
744.10      1.2
744.20      1.2
744.30      1.2
744.40      1.2
744.50      1.2
744.60      1.2
744.70      1.2
744.80      1.2
744.90      1.2
745.00      1.2
745.10      1.2
745.20      1.2
745.30      1.2
745.40      1.2
745.50      1.2
745.60      1.2
745.70      1.2
745.80      1.2
745.90      1.2
746.00      1.2
746.10      1.2
746.20      1.2
746.30      1.2
746.40      1.2
746.50      1.2
746.60      1.2
746.70      1.2
746.80      1.2
746.90      1.2
747.00      1.2
747.10      1.2
747.20      1.2
747.30      1.2
747.40      1.2
747.50      1.2
747.60      1.2
747.70      1.2
747.80      1.2
747.90      1.2
748.00      1.2
748.10      1.2
748.20      1.2
748.30      1.2
748.40      1.2
748.50      1.2
748.60      1.2
748.70      1.2
748.80      1.2
748.90      1.2
749.00      1.2
749.10      1.2
749.20      1.2
749.30      1.2
749.40      1.2
749.50      1.2
749.60      1.2
749.70      1.2
749.80      1.2
749.90      1.2
750.00      1.2
750.10      1.2
750.20      1.2
750.30      1.2
750.40      1.2
750.50      1.2
750.60      1.2
750.70      1.2
750.80      1.2
750.90      1.2
751.00      1.2
751.10      1.2
751.20      1.2
751.30      1.2
751.40      1.2
751.50      1.2
751.60      1.2
751.70      1.2
751.80      1.2
751.90      1.2
752.00      1.2
752.10      1.2
752.20      1.2
752.30      1.2
752.40      1.2
752.50      1.2
752.60      1.2
752.70      1.2
752.80      1.2
752.90      1.2
753.00      1.2
753.10      1.2
753.20      1.2
753.30      1.2
753.40      1.2
753.50      1.2
753.60      1.2
753.70      1.2
753.80      1.2
753.90      1.2
754.00      1.2
754.10      1.2
754.20      1.2
754.30      1.2
754.40      1.2
754.50      1.2
754.60      1.2
754.70      1.2
754.80      1.2
754.90      1.2
755.00      1.2
755.10      1.2
755.20      1.2
755.30      1.2
755.40      1.2
755.50      1.2
755.60      1.2
755.70      1.2
755.80      1.2
755.90      1.2
756.00      1.2
756.10      1.2
756.20      1.2
756.30      1.2
756.40      1.2
756.50      1.2
756.60      1.2
756.70      1.2
756.80      1.2
756.90      1.2
757.00      1.2
757.10      1.2
757.20      1.2
757.30      1.2
757.40      1.2
757.50      1.2
757.60      1.2
757.70      1.2
757.80      1.2
757.90      1.2
758.00      1.2
758.10      1.2
758.20      1.2
758.30      1.2
758.40      1.2
758.50      1.2
758.60      1.2
758.70      1.2
758.80      1.2
758.90      1.2
759.00      1.2
759.10      1.2
759.20      1.2
759.30      1.2
759.40      1.2
759.50      1.2
759.60      1.2
759.70      1.2
759.80      1.2
759.90      1.2
760.00      1.2
760.10      1.2
760.20      1.2
760.30      1.2
760.40      1.2
760.50      1.2
760.60      1.2
760.70      1.2
760.80      1.2
760.90      1.2
761.00      1.2
761.10      1.2
761.20      1.2
761.30      1.2
761.40      1.2
761.50      1.2
761.60      1.2
761.70      1.2
761.80      1.2
761.90      1.2
762.00      1.2
762.10      1.2
762.20      1.2
762.30      1.2
762.40      1.2
762.50      1.2
762.60      1.2
762.70      1.2
762.80      1.2
762.90      1.2
763.00      1.2
763.10      1.2
763.20      1.2
763.30      1.2
763.40      1.2
763.50      1.2
763.60      1.2
763.70      1.2
763.80      1.2
763.90      1.2
764.00      1.2
764.10      1.2
764.20      1.2
764.30      1.2
764.40      1.2
764.50      1.2
764.60      1.2
764.70      1.2
764.80      1.2
764.90      1.2
765.00      1.2
765.10      1.2
765.20      1.2
765.30      1.2
765.40      1.2
765.50      1.2
765.60      1.2
765.70      1.2
765.80      1.2
765.90      1.2
766.00      1.2
766.10      1.2
766.20      1.2
766.30      1.2
766.40      1.2
766.50      1.2
766.60      1.2
766.70      1.2
766.80      1.2
766.90      1.2
767.00      1.2
767.10      1.2
767.20      1.2
767.30      1.2
767.40      1.2
767.50      1.2
767.60      1.2
767.70      1.2
767.80      1.2
767.90      1.2
768.00      1.2
768.10      1.2
768.20      1.2
768.30      1.2
768.40      1.2
768.50      1.2
768.60      1.2
768.70      1.2
768.80      1.2
768.90      1.2
769.00      1.2
769.10      1.2
769.20      1.2
769.30      1.2
769.40      1.2
769.50      1.2
769.60      1.2
769.70      1.2
769.80      1.2
769.90      1.2
770.00      1.2
770.10      1.2
770.20      1.2
770.30      1.2
770.40      1.2
770.50      1.2
770.60      1.2
770.70      1.2
770.80      1.2
770.90      1.2
771.00      1.2
771.10      1.2
771.20      1.2
771.30      1.2
771.40      1.2
771.50      1.2
771.60      1.2
771.70      1.2
771.80      1.2
771.90      1.2
772.00      1.2
772.10      1.2
772.20      1.2
772.30      1.2
772.40      1.2
772.50      1.2
772.60      1.2
772.70      1.2
772.80      1.2
772.90      1.2
773.00      1.2
773.10      1.2
773.20      1.2
773.30      1.2
773.40      1.2
773.50      1.2
773.60      1.2
773.70      1.2
773.80      1.2
773.90      1.2
774.00      1.2
774.10      1.2
774.20      1.2
774.30      1.2
774.40      1.2
774.50      1.2
774.60      1.2
774.70      1.2
774.80      1.2
774.90      1.2
775.00      1.2
775.10      1.2
775.20      1.2
775.30      1.2
775.40      1.2
775.50      1.2
775.60      1.2
775.70      1.2
775.80      1.2
775.90      1.2
776.00      1.2
776.10      1.2
776.20      1.2
776.30      1.2
776.40      1.2
776.50      1.2
776.60      1.2
776.70      1.2
776.80      1.2
776.90      1.2
777.00      1.2
777.10      1.2
777.20      1.2
777.30      1.2
777.40      1.2
777.50      1.2
777.60      1.2
777.70      1.2
777.80      1.2
777.90      1.2
778.00      1.2
778.10      1.2
778.20      1.2
778.30      1.2
778.40      1.2
778.50      1.2
778.60      1.2
778.70      1.2
778.80      1.2
778.90      1.2
779.00      1.2
779.10      1.2
779.20      1.2
779.30      1.2
779.40      1.2
779.50      1.2
779.60      1.2
779.70      1.2
779.80      1.2
779.90      1.2
780.00      1.2
780.10      1.2
780.20      1.2
780.30      1.2
780.40      1.2
780.50      1.2
780.60      1.2
780.70      1.2
780.80      1.2
780.90      1.2
781.00      1.2
781.10      1.2
781.20      1.2
781.30      1.2
781.40      1.2
781.50      1.2
781.60      1.2
781.70      1.2
781.80      1.2
781.90      1.2
782.00      1.2
782.10      1.2
782.20      1.2
782.30      1.2
782.40      1.2
782.50      1.2
782.60      1.2
782.70      1.2
782.80      1.2
782.90      1.2
783.00      1.2
783.10      1.2
783.20      1.2
783.30      1.2
783.40      1.2
783.50      1.2
783.60      1.2
783.70      1.2
783.80      1.2
783.90      1.2
784.00      1.2
784.10      1.2
784.20      1.2
784.30      1.2
784.40      1.2
784.50      1.2
784.60      1.2
784.70      1.2
784.80      1.2
784.90      1.2
785.00      1.2
785.10      1.2
785.20      1.2
785.30      1.2
785.40      1.2
785.50      1.2
785.60      1.2
785.70      1.2
785.80      1.2
785.90      1.2
786.00      1.2
786.10      1.2
786.20      1.2
786.30      1.2
786.40      1.2
786.50      1.2
786.60      1.2
786.70      1.2
786.80      1.2
786.90      1.2
787.00      1.2
787.10      1.2
787.20      1.2
787.30      1.2
787.40      1.2
787.50      1.2
787.60      1.2
787.70      1.2
787.80      1.2
787.90      1.2
788.00      1.2
788.10      1.2
788.20      1.2
788.30      1.2
788.40      1.2
788.50      1.2
788.60      1.2
788.70      1.2
788.80      1.2
788.90      1.2
789.00      1.2
789.10      1.2
789.20      1.2
789.30      1.2
789.40      1.2
789.50      1.2
789.60      1.2
789.70      1.2
789.80      1.2
789.90      1.2
790.00      1.2
790.10      1.2
790.20      1.2
790.30      1.2
790.40      1.2
790.50      1.2
790.60      1.2
790.70      1.2
790.80      1.2
790.90      1.2
791.00      1.2
791.10      1.2
791.20      1.2
791.30      1.2
791.40      1.2
791.50      1.2
791.60      1.2
791.70      1.2
791.80      1.2
791.90      1.2
792.00      1.2
792.10      1.2
792.20      1.2
792.30      1.2
792.40      1.2
792.50      1.2
792.60      1.2
792.70      1.2
792.80      1.2
792.90      1.2
793.00      1.2
793.10      1.2
793.20      1.2
793.30      1.2
793.40      1.2
793.50      1.2
793.60      1.2
793.70      1.2
793.80      1.2
793.90      1.2
794.00      1.2
794.10      1.2
794.20      1.2
794.30      1.2
794.40      1.2
794.50      1.2
794.60      1.2
794.70      1.2
794.80      1.2
794.90      1.2
795.00      1.2
795.10      1.2
795.20      1.2
795.30      1.2
795.40      1.2
795.50      1.2
795.60      1.2
795.70      1.2
795.80      1.2
795.90      1.2
796.00      1.2
796.10      1.2
796.20      1.2
796.30      1.2
796.40      1.2
796.50      1.2
796.60      1.2
796.70      1.2
796.80      1.2
796.90      1.2
797.00      1.2
797.10      1.2
797.20      1.2
797.30      1.2
797.40      1.2
797.50      1.2
797.60      1.2
797.70      1.2
797.80      1.2
797.90      1.2
798.00      1.2
798.10      1.2
798.20      1.2
798.30      1.2
798.40      1.2
798.50      1.2
798.60      1.2
798.70      1.2
798.80      1.2
798.90      1.2
799.00      1.2
799.10      1.2
799.20      1.2
799.30      1.2
799.40      1.2
799.50      1.2
799.60      1.2
799.70      1.2
799.80      1.2
799.90      1.2
800.00      1.2
