300.00      2.2
300.10      2.2
300.20      2.2
300.30      2.2
300.40      2.2
300.50      2.2
300.60      2.2
300.70      2.2
300.80      2.2
300.90      2.2
301.00      2.2
301.10      2.4
301.20      2.4
301.30      2.4
301.40      2.4
301.50      2.4
301.60      2.4
301.70      2.4
301.80      2.4
301.90      2.4
302.00      2.4
302.10      2.4
302.20      2.4
302.30      2.4
302.40      2.4
302.50      2.7
302.60      2.7
302.70      2.7
302.80      2.7
302.90      2.7
303.00      2.7
303.10      2.7
303.20      2.7
303.30      2.7
303.40      2.7
303.50      2.7
303.60      2.7
303.70      2.7
303.80      2.7
303.90      2.7
304.00      2.7
304.10      2.7
304.20      2.7
304.30      2.7
304.40      2.4
304.50      2.4
304.60      2.4
304.70      2.4
304.80      2.4
304.90      2.4
305.00      2.4
305.10      2.4
305.20      2.2
305.30      2.2
305.40      2.2
305.50      2.2
305.60      2.2
305.70      2.2
305.80      2.0
305.90      2.0
306.00      2.0
306.10      2.0
306.20      2.0
306.30      2.0
306.40      1.7
306.50      1.7
306.60      1.7
306.70      1.7
306.80      1.7
306.90      1.7
307.00      1.7
307.10      1.7
307.20      1.7
307.30      1.7
307.40      1.7
307.50      1.7
307.60      1.7
307.70      1.7
307.80      1.7
307.90      1.7
308.00      1.7
308.10      1.7
308.20      1.7
308.30      1.7
308.40      1.7
308.50      1.7
308.60      1.7
308.70      1.7
308.80      1.7
308.90      1.7
309.00      1.7
309.10      1.7
309.20      1.7
309.30      1.7
309.40      1.7
309.50      1.7
309.60      1.7
309.70      1.7
309.80      1.7
309.90      1.7
310.00      1.7
310.10      1.7
310.20      1.7
310.30      1.7
310.40      1.7
310.50      1.7
310.60      1.7
310.70      1.7
310.80      1.7
310.90      1.7
311.00      1.7
311.10      1.7
311.20      1.7
311.30      1.7
311.40      1.7
311.50      1.7
311.60      1.7
311.70      1.7
311.80      1.7
311.90      1.7
312.00      1.7
312.10      1.7
312.20      1.7
312.30      1.7
312.40      1.7
312.50      1.7
312.60      1.7
312.70      1.7
312.80      1.7
312.90      1.7
313.00      1.7
313.10      1.7
313.20      1.7
313.30      1.7
313.40      1.7
313.50      1.7
313.60      1.7
313.70      1.7
313.80      1.7
313.90      1.7
314.00      1.7
314.10      1.7
314.20      1.5
314.30      1.7
314.40      1.7
314.50      1.7
314.60      1.7
314.70      1.7
314.80      1.7
314.90      1.7
315.00      1.7
315.10      1.7
315.20      1.7
315.30      1.7
315.40      1.7
315.50      1.7
315.60      1.7
315.70      1.7
315.80      1.5
315.90      1.7
316.00      1.7
316.10      1.7
316.20      1.7
316.30      1.7
316.40      1.5
316.50      1.7
316.60      1.5
316.70      1.7
316.80      1.7
316.90      1.7
317.00      1.7
317.10      1.7
317.20      1.7
317.30      1.7
317.40      1.5
317.50      1.7
317.60      1.7
317.70      1.7
317.80      1.7
317.90      1.7
318.00      1.5
318.10      1.7
318.20      1.5
318.30      1.7
318.40      1.7
318.50      1.7
318.60      1.7
318.70      1.7
318.80      1.7
318.90      1.7
319.00      1.7
319.10      1.7
319.20      1.7
319.30      1.7
319.40      1.7
319.50      1.7
319.60      1.7
319.70      1.7
319.80      1.5
319.90      1.7
320.00      1.7
320.10      1.7
320.20      1.7
320.30      1.7
320.40      1.5
320.50      1.7
320.60      1.7
320.70      1.7
320.80      1.7
320.90      1.7
321.00      1.7
321.10      1.7
321.20      1.7
321.30      1.7
321.40      1.5
321.50      1.7
321.60      1.7
321.70      1.7
321.80      1.7
321.90      1.7
322.00      1.7
322.10      1.7
322.20      1.5
322.30      1.7
322.40      1.7
322.50      1.7
322.60      1.7
322.70      1.7
322.80      1.7
322.90      1.7
323.00      1.5
323.10      1.7
323.20      1.7
323.30      1.7
323.40      1.7
323.50      1.7
323.60      1.7
323.70      1.7
323.80      1.5
323.90      1.7
324.00      1.7
324.10      1.7
324.20      1.7
324.30      1.7
324.40      1.5
324.50      1.7
324.60      1.5
324.70      1.7
324.80      1.7
324.90      1.7
325.00      1.7
325.10      1.7
325.20      1.5
325.30      1.7
325.40      1.7
325.50      1.7
325.60      1.7
325.70      1.7
325.80      1.7
325.90      1.7
326.00      1.5
326.10      1.7
326.20      1.5
326.30      1.7
326.40      1.7
326.50      1.7
326.60      1.7
326.70      1.7
326.80      1.5
326.90      1.7
327.00      1.5
327.10      1.7
327.20      1.7
327.30      1.7
327.40      1.7
327.50      1.7
327.60      1.7
327.70      1.7
327.80      1.7
327.90      1.7
328.00      1.7
328.10      1.7
328.20      1.7
328.30      1.7
328.40      1.5
328.50      1.7
328.60      1.7
328.70      1.7
328.80      1.7
328.90      1.7
329.00      1.7
329.10      1.7
329.20      1.5
329.30      1.7
329.40      1.7
329.50      1.7
329.60      1.7
329.70      1.7
329.80      1.7
329.90      1.7
330.00      1.5
330.10      1.7
330.20      1.7
330.30      1.7
330.40      1.7
330.50      1.7
330.60      1.7
330.70      1.7
330.80      1.5
330.90      1.7
331.00      1.7
331.10      1.7
331.20      1.7
331.30      1.7
331.40      1.7
331.50      1.7
331.60      1.5
331.70      1.7
331.80      1.7
331.90      1.7
332.00      1.7
332.10      1.7
332.20      1.7
332.30      1.7
332.40      1.7
332.50      1.7
332.60      1.7
332.70      1.7
332.80      1.7
332.90      1.7
333.00      1.7
333.10      1.7
333.20      1.5
333.30      1.7
333.40      1.7
333.50      1.7
333.60      1.7
333.70      1.7
333.80      1.5
333.90      1.7
334.00      1.7
334.10      1.7
334.20      1.7
334.30      1.7
334.40      1.7
334.50      1.7
334.60      1.5
334.70      1.7
334.80      1.7
334.90      1.7
335.00      1.7
335.10      1.7
335.20      1.7
335.30      1.7
335.40      1.5
335.50      1.7
335.60      1.5
335.70      1.7
335.80      1.7
335.90      1.7
336.00      1.7
336.10      1.7
336.20      1.7
336.30      1.7
336.40      1.7
336.50      1.7
336.60      1.7
336.70      1.7
336.80      1.7
336.90      1.7
337.00      1.5
337.10      1.7
337.20      1.5
337.30      1.7
337.40      1.7
337.50      1.7
337.60      1.7
337.70      1.7
337.80      1.7
337.90      1.7
338.00      1.7
338.10      1.7
338.20      1.7
338.30      1.7
338.40      1.7
338.50      1.7
338.60      1.7
338.70      1.7
338.80      1.5
338.90      1.7
339.00      1.7
339.10      1.7
339.20      1.7
339.30      1.7
339.40      1.7
339.50      1.7
339.60      1.7
339.70      1.7
339.80      1.7
339.90      1.7
340.00      1.7
340.10      1.7
340.20      1.7
340.30      1.7
340.40      1.5
340.50      1.7
340.60      1.7
340.70      1.7
340.80      1.7
340.90      1.7
341.00      1.7
341.10      1.7
341.20      1.7
341.30      1.7
341.40      1.7
341.50      1.7
341.60      1.7
341.70      1.7
341.80      1.7
341.90      1.7
342.00      1.5
342.10      1.7
342.20      1.7
342.30      1.7
342.40      1.7
342.50      1.7
342.60      1.7
342.70      1.7
342.80      1.7
342.90      1.7
343.00      1.7
343.10      1.7
343.20      1.7
343.30      1.7
343.40      1.7
343.50      1.7
343.60      1.7
343.70      1.7
343.80      1.7
343.90      1.7
344.00      1.7
344.10      1.7
344.20      1.7
344.30      1.7
344.40      1.7
344.50      1.7
344.60      1.7
344.70      1.7
344.80      1.7
344.90      1.7
345.00      1.7
345.10      1.7
345.20      1.7
345.30      1.7
345.40      1.7
345.50      1.7
345.60      1.7
345.70      1.7
345.80      1.5
345.90      1.7
346.00      1.7
346.10      1.7
346.20      1.7
346.30      1.7
346.40      1.7
346.50      1.7
346.60      1.7
346.70      1.7
346.80      1.7
346.90      1.7
347.00      1.7
347.10      1.7
347.20      1.7
347.30      1.7
347.40      1.7
347.50      1.7
347.60      1.7
347.70      1.7
347.80      1.7
347.90      1.7
348.00      1.7
348.10      1.7
348.20      1.5
348.30      1.7
348.40      1.7
348.50      1.7
348.60      1.7
348.70      1.7
348.80      1.7
348.90      1.7
349.00      1.5
349.10      1.7
349.20      1.7
349.30      1.7
349.40      1.7
349.50      1.7
349.60      1.7
349.70      1.7
349.80      1.7
349.90      1.7
350.00      1.7
350.10      1.7
350.20      1.7
350.30      1.7
350.40      1.7
350.50      1.7
350.60      1.5
350.70      1.7
350.80      1.7
350.90      1.7
351.00      1.7
351.10      1.7
351.20      1.7
351.30      1.7
351.40      1.7
351.50      1.7
351.60      1.7
351.70      1.7
351.80      1.7
351.90      1.7
352.00      1.7
352.10      1.7
352.20      1.7
352.30      1.7
352.40      1.7
352.50      1.7
352.60      1.7
352.70      1.7
352.80      1.7
352.90      1.7
353.00      1.7
353.10      1.7
353.20      1.7
353.30      1.7
353.40      1.7
353.50      1.7
353.60      1.7
353.70      1.7
353.80      1.7
353.90      1.7
354.00      1.7
354.10      1.7
354.20      1.7
354.30      1.7
354.40      1.7
354.50      1.7
354.60      1.7
354.70      1.7
354.80      1.7
354.90      1.7
355.00      1.7
355.10      1.7
355.20      1.7
355.30      1.7
355.40      1.7
355.50      1.7
355.60      1.7
355.70      1.7
355.80      1.7
355.90      1.7
356.00      1.7
356.10      1.7
356.20      1.7
356.30      1.7
356.40      1.7
356.50      1.7
356.60      1.7
356.70      1.7
356.80      1.7
356.90      1.7
357.00      1.7
357.10      1.7
357.20      1.7
357.30      1.7
357.40      1.7
357.50      1.7
357.60      1.7
357.70      1.7
357.80      1.7
357.90      1.7
358.00      1.7
358.10      1.7
358.20      1.7
358.30      1.7
358.40      1.7
358.50      1.7
358.60      1.7
358.70      1.7
358.80      1.7
358.90      1.7
359.00      1.7
359.10      1.7
359.20      1.7
359.30      1.7
359.40      1.7
359.50      1.7
359.60      1.7
359.70      1.7
359.80      1.7
359.90      1.7
360.00      1.7
360.10      1.7
360.20      1.7
360.30      1.7
360.40      1.7
360.50      1.7
360.60      1.7
360.70      1.7
360.80      1.7
360.90      1.7
361.00      1.7
361.10      1.7
361.20      1.7
361.30      1.7
361.40      1.7
361.50      1.7
361.60      1.7
361.70      1.7
361.80      1.7
361.90      1.7
362.00      1.7
362.10      1.7
362.20      1.7
362.30      1.7
362.40      1.7
362.50      1.7
362.60      1.7
362.70      1.7
362.80      1.7
362.90      1.7
363.00      1.7
363.10      1.7
363.20      1.7
363.30      1.7
363.40      1.7
363.50      1.7
363.60      1.7
363.70      1.7
363.80      1.7
363.90      1.7
364.00      1.7
364.10      1.7
364.20      1.7
364.30      1.7
364.40      1.7
364.50      1.7
364.60      1.7
364.70      1.7
364.80      1.7
364.90      1.7
365.00      1.7
365.10      1.7
365.20      1.7
365.30      1.7
365.40      1.7
365.50      1.7
365.60      1.7
365.70      1.7
365.80      1.7
365.90      1.7
366.00      1.7
366.10      1.7
366.20      1.7
366.30      1.7
366.40      1.7
366.50      1.7
366.60      1.7
366.70      1.7
366.80      1.7
366.90      1.7
367.00      1.7
367.10      1.7
367.20      1.7
367.30      1.7
367.40      1.7
367.50      1.7
367.60      1.7
367.70      1.7
367.80      1.7
367.90      1.7
368.00      1.7
368.10      1.7
368.20      1.7
368.30      1.7
368.40      1.7
368.50      1.7
368.60      1.7
368.70      1.7
368.80      1.7
368.90      1.7
369.00      1.7
369.10      1.7
369.20      1.7
369.30      1.7
369.40      1.7
369.50      1.7
369.60      1.7
369.70      1.7
369.80      1.7
369.90      1.7
370.00      1.7
370.10      1.7
370.20      1.7
370.30      1.7
370.40      1.7
370.50      1.7
370.60      1.7
370.70      1.7
370.80      1.7
370.90      1.7
371.00      1.7
371.10      1.7
371.20      1.7
371.30      1.7
371.40      1.7
371.50      1.7
371.60      1.7
371.70      1.7
371.80      1.7
371.90      1.7
372.00      1.7
372.10      1.7
372.20      1.7
372.30      1.7
372.40      1.7
372.50      1.7
372.60      1.7
372.70      1.7
372.80      1.7
372.90      1.7
373.00      1.7
373.10      1.7
373.20      1.7
373.30      1.7
373.40      1.7
373.50      1.7
373.60      1.7
373.70      1.7
373.80      1.7
373.90      1.7
374.00      1.7
374.10      1.7
374.20      1.7
374.30      1.7
374.40      1.7
374.50      1.7
374.60      1.7
374.70      1.7
374.80      1.7
374.90      1.7
375.00      1.7
375.10      1.7
375.20      1.7
375.30      1.7
375.40      1.7
375.50      1.7
375.60      1.7
375.70      1.7
375.80      1.7
375.90      1.7
376.00      1.7
376.10      1.7
376.20      1.7
376.30      1.7
376.40      1.7
376.50      1.7
376.60      1.7
376.70      1.7
376.80      1.7
376.90      1.7
377.00      1.7
377.10      1.7
377.20      1.7
377.30      1.7
377.40      1.7
377.50      1.7
377.60      1.7
377.70      1.7
377.80      1.7
377.90      1.7
378.00      1.7
378.10      1.7
378.20      1.7
378.30      1.7
378.40      1.7
378.50      1.7
378.60      1.7
378.70      1.7
378.80      1.7
378.90      1.7
379.00      1.7
379.10      1.7
379.20      1.7
379.30      1.7
379.40      1.7
379.50      1.7
379.60      1.7
379.70      1.7
379.80      1.7
379.90      1.7
380.00      1.7
380.10      1.7
380.20      1.7
380.30      1.7
380.40      1.7
380.50      1.7
380.60      1.7
380.70      1.7
380.80      1.7
380.90      1.7
381.00      1.7
381.10      1.7
381.20      1.7
381.30      1.7
381.40      1.7
381.50      1.7
381.60      1.7
381.70      1.7
381.80      1.7
381.90      1.7
382.00      1.7
382.10      1.7
382.20      1.7
382.30      1.7
382.40      1.7
382.50      1.7
382.60      1.7
382.70      1.7
382.80      1.7
382.90      1.7
383.00      1.7
383.10      1.7
383.20      1.7
383.30      1.7
383.40      1.7
383.50      1.7
383.60      1.7
383.70      1.7
383.80      1.7
383.90      1.7
384.00      1.7
384.10      1.7
384.20      1.7
384.30      1.7
384.40      1.7
384.50      1.7
384.60      1.7
384.70      1.7
384.80      1.7
384.90      1.7
385.00      1.7
385.10      1.7
385.20      1.7
385.30      1.7
385.40      1.7
385.50      1.7
385.60      1.7
385.70      1.7
385.80      1.7
385.90      1.7
386.00      1.7
386.10      1.7
386.20      1.7
386.30      1.7
386.40      1.7
386.50      1.7
386.60      1.7
386.70      1.7
386.80      1.7
386.90      1.7
387.00      1.7
387.10      1.7
387.20      1.7
387.30      1.7
387.40      1.7
387.50      1.7
387.60      1.7
387.70      1.7
387.80      1.7
387.90      1.7
388.00      1.7
388.10      1.7
388.20      1.7
388.30      1.7
388.40      1.7
388.50      1.7
388.60      1.7
388.70      1.7
388.80      1.7
388.90      1.7
389.00      1.7
389.10      1.7
389.20      1.7
389.30      1.7
389.40      1.7
389.50      1.7
389.60      1.7
389.70      1.7
389.80      1.7
389.90      1.7
390.00      1.7
390.10      1.7
390.20      1.7
390.30      1.7
390.40      1.7
390.50      1.7
390.60      1.7
390.70      1.7
390.80      1.7
390.90      1.7
391.00      1.7
391.10      1.7
391.20      1.7
391.30      1.7
391.40      1.7
391.50      1.7
391.60      1.7
391.70      1.7
391.80      1.7
391.90      1.7
392.00      1.7
392.10      1.7
392.20      1.7
392.30      1.7
392.40      1.7
392.50      1.7
392.60      1.7
392.70      1.7
392.80      1.7
392.90      1.7
393.00      1.7
393.10      1.7
393.20      1.7
393.30      1.7
393.40      1.7
393.50      1.7
393.60      1.7
393.70      1.7
393.80      1.7
393.90      1.7
394.00      1.7
394.10      1.7
394.20      1.7
394.30      1.7
394.40      1.7
394.50      1.7
394.60      1.7
394.70      1.7
394.80      1.7
394.90      1.7
395.00      1.7
395.10      2.0
395.20      1.7
395.30      2.0
395.40      1.7
395.50      2.0
395.60      1.7
395.70      2.0
395.80      2.0
395.90      2.0
396.00      2.0
396.10      2.0
396.20      2.0
396.30      2.0
396.40      2.0
396.50      2.0
396.60      2.0
396.70      2.0
396.80      2.0
396.90      2.0
397.00      2.0
397.10      2.0
397.20      2.0
397.30      2.0
397.40      2.0
397.50      2.0
397.60      2.0
397.70      2.0
397.80      2.0
397.90      2.0
398.00      2.0
398.10      2.2
398.20      2.0
398.30      2.2
398.40      2.2
398.50      2.2
398.60      2.2
398.70      2.2
398.80      2.2
398.90      2.2
399.00      2.2
399.10      2.2
399.20      2.2
399.30      2.2
399.40      2.2
399.50      2.2
399.60      2.2
399.70      2.2
399.80      2.2
399.90      2.4
400.00      2.4
400.10      2.4
400.20      2.4
400.30      2.4
400.40      2.4
400.50      2.4
400.60      2.4
400.70      2.4
400.80      2.4
400.90      2.4
401.00      2.4
401.10      2.7
401.20      2.7
401.30      2.7
401.40      2.7
401.50      2.7
401.60      2.7
401.70      2.7
401.80      2.7
401.90      2.9
402.00      2.9
402.10      2.9
402.20      2.9
402.30      2.9
402.40      2.9
402.50      2.9
402.60      2.9
402.70      3.2
402.80      3.2
402.90      3.2
403.00      3.2
403.10      3.2
403.20      3.2
403.30      3.4
403.40      3.4
403.50      3.4
403.60      3.4
403.70      3.4
403.80      3.4
403.90      3.7
404.00      3.7
404.10      3.7
404.20      3.7
404.30      3.7
404.40      3.9
404.50      3.9
404.60      3.9
404.70      3.9
404.80      3.9
404.90      4.2
405.00      4.2
405.10      4.2
405.20      4.2
405.30      4.4
405.40      4.4
405.50      4.4
405.60      4.4
405.70      4.6
405.80      4.6
405.90      4.6
406.00      4.6
406.10      4.9
406.20      4.9
406.30      4.9
406.40      4.9
406.50      5.1
406.60      5.1
406.70      5.1
406.80      5.4
406.90      5.4
407.00      5.4
407.10      5.6
407.20      5.6
407.30      5.6
407.40      5.6
407.50      5.9
407.60      5.9
407.70      6.1
407.80      6.1
407.90      6.1
408.00      6.3
408.10      6.3
408.20      6.3
408.30      6.6
408.40      6.6
408.50      6.6
408.60      6.8
408.70      6.8
408.80      6.8
408.90      7.1
409.00      7.1
409.10      7.3
409.20      7.3
409.30      7.6
409.40      7.6
409.50      7.8
409.60      7.8
409.70      8.1
409.80      8.1
409.90      8.1
410.00      8.3
410.10      8.5
410.20      8.5
410.30      8.8
410.40      8.8
410.50      9.0
410.60      9.0
410.70      9.3
410.80      9.3
410.90      9.5
411.00      9.8
411.10      9.8
411.20      10.0
411.30      10.0
411.40      10.3
411.50      10.5
411.60      10.5
411.70      10.7
411.80      11.0
411.90      11.2
412.00      11.2
412.10      11.5
412.20      11.7
412.30      12.0
412.40      12.2
412.50      12.5
412.60      12.5
412.70      12.7
412.80      12.9
412.90      13.2
413.00      13.4
413.10      13.7
413.20      13.9
413.30      14.2
413.40      14.4
413.50      14.7
413.60      14.9
413.70      15.1
413.80      15.6
413.90      15.9
414.00      16.1
414.10      16.4
414.20      16.6
414.30      16.8
414.40      17.1
414.50      17.6
414.60      17.8
414.70      18.1
414.80      18.3
414.90      18.8
415.00      19.0
415.10      19.5
415.20      19.8
415.30      20.3
415.40      20.5
415.50      20.8
415.60      21.2
415.70      21.5
415.80      22.0
415.90      22.2
416.00      22.7
416.10      23.2
416.20      23.4
416.30      23.9
416.40      24.2
416.50      24.7
416.60      25.2
416.70      25.4
416.80      25.9
416.90      26.4
417.00      26.9
417.10      27.4
417.20      27.6
417.30      28.1
417.40      28.6
417.50      29.1
417.60      29.5
417.70      30.0
417.80      30.5
417.90      31.0
418.00      31.5
418.10      32.0
418.20      32.5
418.30      33.0
418.40      33.5
418.50      34.2
418.60      34.7
418.70      35.2
418.80      35.7
418.90      36.4
419.00      36.9
419.10      37.4
419.20      37.9
419.30      38.3
419.40      39.1
419.50      39.6
419.60      40.0
419.70      40.5
419.80      41.0
419.90      41.8
420.00      42.2
420.10      43.0
420.20      43.5
420.30      44.2
420.40      44.7
420.50      45.4
420.60      45.9
420.70      46.6
420.80      47.1
420.90      47.9
421.00      48.4
421.10      49.1
421.20      49.6
421.30      50.3
421.40      51.0
421.50      51.5
421.60      52.3
421.70      52.7
421.80      53.5
421.90      54.0
422.00      54.7
422.10      55.4
422.20      55.9
422.30      56.7
422.40      57.4
422.50      58.1
422.60      58.6
422.70      59.3
422.80      60.1
422.90      60.8
423.00      61.5
423.10      62.3
423.20      63.0
423.30      63.7
423.40      64.5
423.50      65.2
423.60      65.9
423.70      66.7
423.80      67.4
423.90      68.1
424.00      68.9
424.10      69.6
424.20      70.3
424.30      71.1
424.40      71.8
424.50      72.5
424.60      73.3
424.70      74.2
424.80      75.0
424.90      75.7
425.00      76.4
425.10      77.2
425.20      78.1
425.30      78.9
425.40      79.6
425.50      80.3
425.60      81.3
425.70      82.1
425.80      83.0
425.90      83.8
426.00      84.5
426.10      85.5
426.20      86.2
426.30      87.2
426.40      88.2
426.50      89.1
426.60      89.9
426.70      90.8
426.80      91.8
426.90      92.8
427.00      93.8
427.10      94.7
427.20      95.7
427.30      96.7
427.40      97.7
427.50      98.9
427.60      99.9
427.70      100.9
427.80      101.8
427.90      103.1
428.00      104.3
428.10      105.3
428.20      106.5
428.30      107.7
428.40      108.7
428.50      109.9
428.60      111.1
428.70      112.3
428.80      113.6
428.90      114.8
429.00      116.0
429.10      117.2
429.20      118.4
429.30      119.7
429.40      120.9
429.50      122.3
429.60      123.6
429.70      124.8
429.80      126.0
429.90      127.5
430.00      128.7
430.10      129.9
430.20      131.1
430.30      132.6
430.40      133.8
430.50      135.0
430.60      136.5
430.70      137.7
430.80      139.2
430.90      140.7
431.00      141.9
431.10      143.3
431.20      144.8
431.30      146.3
431.40      147.7
431.50      149.2
431.60      150.4
431.70      152.1
431.80      153.4
431.90      154.8
432.00      156.3
432.10      157.8
432.20      159.2
432.30      160.4
432.40      161.9
432.50      163.4
432.60      164.6
432.70      166.1
432.80      167.5
432.90      169.0
433.00      170.5
433.10      171.7
433.20      173.1
433.30      174.6
433.40      176.1
433.50      177.5
433.60      178.8
433.70      180.5
433.80      181.7
433.90      183.2
434.00      184.6
434.10      186.1
434.20      187.5
434.30      189.0
434.40      190.7
434.50      192.4
434.60      193.9
434.70      195.4
434.80      196.8
434.90      198.5
435.00      200.0
435.10      201.5
435.20      202.9
435.30      204.4
435.40      205.9
435.50      207.3
435.60      208.8
435.70      210.0
435.80      211.5
435.90      213.2
436.00      214.9
436.10      216.4
436.20      217.8
436.30      219.3
436.40      220.8
436.50      222.5
436.60      223.9
436.70      225.4
436.80      226.9
436.90      228.6
437.00      229.8
437.10      231.5
437.20      233.0
437.30      234.4
437.40      235.9
437.50      237.4
437.60      238.8
437.70      240.5
437.80      242.0
437.90      243.7
438.00      245.2
438.10      246.9
438.20      248.4
438.30      250.1
438.40      251.8
438.50      253.5
438.60      255.2
438.70      256.9
438.80      258.6
438.90      260.3
439.00      262.3
439.10      264.0
439.20      265.9
439.30      267.6
439.40      269.6
439.50      271.3
439.60      273.3
439.70      275.2
439.80      277.2
439.90      278.9
440.00      280.8
440.10      282.8
440.20      284.5
440.30      286.4
440.40      288.4
440.50      290.4
440.60      292.1
440.70      294.0
440.80      295.7
440.90      297.4
441.00      299.4
441.10      301.6
441.20      303.8
441.30      305.7
441.40      307.7
441.50      309.4
441.60      311.1
441.70      312.8
441.80      314.8
441.90      316.7
442.00      318.7
442.10      320.6
442.20      322.8
442.30      325.0
442.40      327.0
442.50      329.2
442.60      331.4
442.70      333.3
442.80      335.5
442.90      337.7
443.00      339.9
443.10      342.1
443.20      344.1
443.30      346.3
443.40      348.2
443.50      350.4
443.60      352.6
443.70      354.6
443.80      356.8
443.90      359.0
444.00      360.9
444.10      363.1
444.20      365.1
444.30      367.0
444.40      369.0
444.50      370.9
444.60      372.9
444.70      374.6
444.80      376.6
444.90      378.3
445.00      380.0
445.10      381.7
445.20      383.4
445.30      384.9
445.40      386.6
445.50      388.0
445.60      389.3
445.70      390.7
445.80      391.9
445.90      393.2
446.00      394.1
446.10      395.1
446.20      396.1
446.30      397.1
446.40      397.8
446.50      398.5
446.60      399.3
446.70      399.8
446.80      400.2
446.90      400.7
447.00      401.0
447.10      401.2
447.20      401.2
447.30      401.2
447.40      401.0
447.50      400.7
447.60      400.2
447.70      399.8
447.80      399.3
447.90      398.5
448.00      397.8
448.10      396.8
448.20      395.8
448.30      394.6
448.40      393.4
448.50      391.9
448.60      390.5
448.70      389.0
448.80      387.3
448.90      385.6
449.00      383.9
449.10      381.9
449.20      380.0
449.30      377.8
449.40      375.8
449.50      373.4
449.60      371.2
449.70      368.7
449.80      366.3
449.90      363.9
450.00      361.4
450.10      358.5
450.20      355.8
450.30      352.6
450.40      349.7
450.50      346.3
450.60      343.6
450.70      340.4
450.80      337.2
450.90      334.1
451.00      331.1
451.10      328.0
451.20      324.8
451.30      321.6
451.40      318.7
451.50      315.8
451.60      312.6
451.70      309.6
451.80      306.7
451.90      303.5
452.00      300.4
452.10      297.2
452.20      294.3
452.30      291.1
452.40      288.2
452.50      285.0
452.60      281.8
452.70      278.6
452.80      275.5
452.90      272.3
453.00      269.4
453.10      266.4
453.20      263.2
453.30      260.1
453.40      257.1
453.50      254.2
453.60      251.3
453.70      248.6
453.80      245.7
453.90      242.7
454.00      240.0
454.10      237.4
454.20      234.7
454.30      232.0
454.40      229.3
454.50      226.6
454.60      224.2
454.70      221.7
454.80      219.3
454.90      216.8
455.00      214.7
455.10      212.2
455.20      210.0
455.30      207.6
455.40      205.4
455.50      203.4
455.60      201.2
455.70      199.0
455.80      197.1
455.90      195.1
456.00      193.2
456.10      191.2
456.20      189.3
456.30      187.5
456.40      185.6
456.50      183.9
456.60      182.2
456.70      180.5
456.80      178.8
456.90      177.0
457.00      175.6
457.10      173.9
457.20      172.4
457.30      170.9
457.40      169.5
457.50      168.0
457.60      166.5
457.70      165.1
457.80      163.6
457.90      162.4
458.00      160.9
458.10      159.7
458.20      158.5
458.30      157.0
458.40      155.8
458.50      154.6
458.60      153.4
458.70      152.1
458.80      150.9
458.90      149.7
459.00      148.7
459.10      147.5
459.20      146.3
459.30      145.3
459.40      144.3
459.50      143.1
459.60      142.1
459.70      141.1
459.80      139.9
459.90      138.9
460.00      138.0
460.10      137.0
460.20      136.0
460.30      135.0
460.40      134.1
460.50      133.1
460.60      132.1
460.70      131.4
460.80      130.4
460.90      129.4
461.00      128.7
461.10      127.7
461.20      126.7
461.30      126.0
461.40      125.0
461.50      124.3
461.60      123.3
461.70      122.6
461.80      121.6
461.90      120.9
462.00      119.9
462.10      119.2
462.20      118.4
462.30      117.5
462.40      116.7
462.50      116.0
462.60      115.3
462.70      114.3
462.80      113.6
462.90      112.8
463.00      111.8
463.10      111.1
463.20      110.4
463.30      109.4
463.40      108.7
463.50      107.9
463.60      107.0
463.70      106.2
463.80      105.3
463.90      104.5
464.00      103.8
464.10      102.8
464.20      102.1
464.30      101.3
464.40      100.4
464.50      99.6
464.60      98.9
464.70      98.2
464.80      97.2
464.90      96.5
465.00      95.7
465.10      95.0
465.20      94.3
465.30      93.5
465.40      92.6
465.50      91.8
465.60      91.1
465.70      90.4
465.80      89.6
465.90      88.9
466.00      88.2
466.10      87.4
466.20      86.4
466.30      85.7
466.40      85.0
466.50      84.2
466.60      83.3
466.70      82.5
466.80      81.8
466.90      81.1
467.00      80.3
467.10      79.6
467.20      78.9
467.30      78.1
467.40      77.4
467.50      76.9
467.60      76.2
467.70      75.7
467.80      75.0
467.90      74.2
468.00      73.7
468.10      73.0
468.20      72.5
468.30      72.0
468.40      71.3
468.50      70.8
468.60      70.3
468.70      69.6
468.80      69.1
468.90      68.6
469.00      67.9
469.10      67.4
469.20      66.9
469.30      66.2
469.40      65.7
469.50      65.2
469.60      64.7
469.70      64.2
469.80      63.7
469.90      63.2
470.00      62.8
470.10      62.3
470.20      61.8
470.30      61.3
470.40      61.1
470.50      60.6
470.60      60.1
470.70      59.6
470.80      59.1
470.90      58.9
471.00      58.4
471.10      58.1
471.20      57.6
471.30      57.4
471.40      56.9
471.50      56.7
471.60      56.2
471.70      55.9
471.80      55.4
471.90      55.2
472.00      54.9
472.10      54.5
472.20      54.2
472.30      54.0
472.40      53.7
472.50      53.5
472.60      53.0
472.70      52.7
472.80      52.5
472.90      52.3
473.00      52.0
473.10      51.8
473.20      51.5
473.30      51.3
473.40      51.0
473.50      50.8
473.60      50.5
473.70      50.3
473.80      50.1
473.90      49.8
474.00      49.6
474.10      49.6
474.20      49.3
474.30      49.1
474.40      48.8
474.50      48.6
474.60      48.6
474.70      48.4
474.80      48.1
474.90      47.9
475.00      47.9
475.10      47.6
475.20      47.4
475.30      47.4
475.40      47.1
475.50      47.1
475.60      46.9
475.70      46.6
475.80      46.6
475.90      46.4
476.00      46.4
476.10      46.2
476.20      46.2
476.30      45.9
476.40      45.9
476.50      45.7
476.60      45.7
476.70      45.7
476.80      45.4
476.90      45.4
477.00      45.2
477.10      45.2
477.20      44.9
477.30      44.9
477.40      44.9
477.50      44.9
477.60      44.7
477.70      44.7
477.80      44.7
477.90      44.4
478.00      44.4
478.10      44.4
478.20      44.4
478.30      44.2
478.40      44.2
478.50      44.2
478.60      44.2
478.70      44.2
478.80      44.2
478.90      44.0
479.00      44.0
479.10      44.0
479.20      44.0
479.30      44.0
479.40      44.0
479.50      44.0
479.60      43.7
479.70      43.7
479.80      43.7
479.90      43.7
480.00      43.7
480.10      43.7
480.20      43.7
480.30      43.7
480.40      43.7
480.50      43.7
480.60      43.7
480.70      43.7
480.80      43.7
480.90      43.7
481.00      43.7
481.10      43.7
481.20      43.7
481.30      43.7
481.40      43.7
481.50      43.7
481.60      43.7
481.70      43.7
481.80      43.7
481.90      44.0
482.00      44.0
482.10      44.0
482.20      44.0
482.30      44.0
482.40      44.0
482.50      44.2
482.60      44.2
482.70      44.2
482.80      44.2
482.90      44.2
483.00      44.4
483.10      44.4
483.20      44.4
483.30      44.7
483.40      44.7
483.50      44.7
483.60      44.7
483.70      44.9
483.80      44.9
483.90      44.9
484.00      44.9
484.10      45.2
484.20      45.2
484.30      45.4
484.40      45.4
484.50      45.4
484.60      45.7
484.70      45.7
484.80      45.9
484.90      45.9
485.00      46.2
485.10      46.2
485.20      46.4
485.30      46.4
485.40      46.6
485.50      46.6
485.60      46.9
485.70      47.1
485.80      47.1
485.90      47.4
486.00      47.4
486.10      47.6
486.20      47.9
486.30      47.9
486.40      48.1
486.50      48.4
486.60      48.4
486.70      48.6
486.80      48.8
486.90      49.1
487.00      49.1
487.10      49.3
487.20      49.6
487.30      49.8
487.40      50.1
487.50      50.1
487.60      50.3
487.70      50.5
487.80      50.8
487.90      51.0
488.00      51.3
488.10      51.5
488.20      51.8
488.30      52.0
488.40      52.3
488.50      52.5
488.60      52.7
488.70      53.0
488.80      53.2
488.90      53.5
489.00      53.7
489.10      54.0
489.20      54.2
489.30      54.5
489.40      54.7
489.50      55.2
489.60      55.4
489.70      55.7
489.80      55.9
489.90      56.4
490.00      56.7
490.10      56.9
490.20      57.1
490.30      57.6
490.40      57.9
490.50      58.1
490.60      58.6
490.70      58.9
490.80      59.3
490.90      59.6
491.00      60.1
491.10      60.3
491.20      60.8
491.30      61.1
491.40      61.5
491.50      62.0
491.60      62.3
491.70      62.8
491.80      63.2
491.90      63.7
492.00      64.2
492.10      64.5
492.20      65.0
492.30      65.4
492.40      65.9
492.50      66.4
492.60      66.9
492.70      67.4
492.80      67.9
492.90      68.4
493.00      68.9
493.10      69.6
493.20      70.1
493.30      70.6
493.40      71.1
493.50      71.8
493.60      72.3
493.70      72.8
493.80      73.5
493.90      74.0
494.00      74.5
494.10      75.2
494.20      75.7
494.30      76.4
494.40      76.9
494.50      77.7
494.60      78.1
494.70      78.9
494.80      79.6
494.90      80.1
495.00      80.8
495.10      81.3
495.20      82.1
495.30      82.8
495.40      83.3
495.50      84.0
495.60      84.7
495.70      85.5
495.80      86.2
495.90      86.7
496.00      87.4
496.10      88.2
496.20      88.9
496.30      89.6
496.40      90.4
496.50      91.1
496.60      91.8
496.70      92.6
496.80      93.3
496.90      94.0
497.00      94.7
497.10      95.5
497.20      96.2
497.30      96.9
497.40      97.7
497.50      98.4
497.60      99.1
497.70      99.9
497.80      100.6
497.90      101.6
498.00      102.3
498.10      103.1
498.20      103.8
498.30      104.8
498.40      105.5
498.50      106.2
498.60      107.2
498.70      107.9
498.80      108.7
498.90      109.6
499.00      110.4
499.10      111.4
499.20      112.1
499.30      112.8
499.40      113.6
499.50      114.3
499.60      115.0
499.70      115.8
499.80      116.5
499.90      117.5
500.00      118.2
500.10      119.2
500.20      119.7
500.30      120.6
500.40      121.4
500.50      122.1
500.60      123.1
500.70      123.8
500.80      124.5
500.90      125.5
501.00      126.3
501.10      127.0
501.20      127.7
501.30      128.4
501.40      129.4
501.50      130.2
501.60      130.9
501.70      131.6
501.80      132.6
501.90      133.3
502.00      134.1
502.10      135.0
502.20      135.8
502.30      136.5
502.40      137.5
502.50      138.2
502.60      138.9
502.70      139.9
502.80      140.7
502.90      141.4
503.00      142.1
503.10      143.1
503.20      143.8
503.30      144.8
503.40      145.5
503.50      146.3
503.60      147.0
503.70      148.0
503.80      148.7
503.90      149.5
504.00      150.2
504.10      150.9
504.20      151.6
504.30      152.4
504.40      153.4
504.50      154.1
504.60      154.8
504.70      155.8
504.80      156.5
504.90      157.3
505.00      158.0
505.10      159.0
505.20      159.7
505.30      160.4
505.40      161.4
505.50      162.1
505.60      162.9
505.70      163.9
505.80      164.6
505.90      165.3
506.00      166.3
506.10      167.0
506.20      168.0
506.30      168.7
506.40      169.7
506.50      170.5
506.60      171.4
506.70      172.2
506.80      172.9
506.90      173.9
507.00      174.8
507.10      175.8
507.20      176.6
507.30      177.5
507.40      178.3
507.50      179.2
507.60      180.2
507.70      181.2
507.80      181.9
507.90      182.9
508.00      183.9
508.10      184.9
508.20      185.8
508.30      186.8
508.40      187.8
508.50      188.8
508.60      189.7
508.70      190.7
508.80      191.7
508.90      192.7
509.00      193.7
509.10      194.4
509.20      195.4
509.30      196.6
509.40      197.6
509.50      198.5
509.60      199.5
509.70      200.5
509.80      201.5
509.90      202.4
510.00      203.7
510.10      204.6
510.20      205.6
510.30      206.6
510.40      207.6
510.50      208.5
510.60      209.5
510.70      210.7
510.80      211.7
510.90      212.7
511.00      213.7
511.10      214.7
511.20      215.6
511.30      216.6
511.40      217.6
511.50      218.6
511.60      219.5
511.70      220.8
511.80      221.7
511.90      222.7
512.00      223.7
512.10      224.7
512.20      225.6
512.30      226.6
512.40      227.6
512.50      228.6
512.60      229.8
512.70      230.8
512.80      231.7
512.90      232.7
513.00      233.7
513.10      234.7
513.20      235.7
513.30      236.6
513.40      237.6
513.50      238.6
513.60      239.6
513.70      240.8
513.80      241.5
513.90      242.5
514.00      243.5
514.10      244.4
514.20      245.4
514.30      246.6
514.40      247.4
514.50      248.4
514.60      249.3
514.70      250.3
514.80      251.3
514.90      252.3
515.00      253.2
515.10      254.0
515.20      254.9
515.30      255.9
515.40      256.7
515.50      257.6
515.60      258.4
515.70      259.3
515.80      260.1
515.90      261.1
516.00      262.0
516.10      263.0
516.20      263.7
516.30      264.7
516.40      265.4
516.50      266.4
516.60      267.2
516.70      268.1
516.80      268.9
516.90      269.6
517.00      270.6
517.10      271.3
517.20      272.3
517.30      273.0
517.40      274.0
517.50      274.7
517.60      275.7
517.70      276.4
517.80      277.2
517.90      277.9
518.00      278.9
518.10      279.6
518.20      280.6
518.30      281.3
518.40      282.1
518.50      282.8
518.60      283.8
518.70      284.5
518.80      285.2
518.90      286.2
519.00      286.9
519.10      287.7
519.20      288.4
519.30      289.4
519.40      290.1
519.50      290.8
519.60      291.6
519.70      292.3
519.80      293.0
519.90      293.8
520.00      294.5
520.10      295.2
520.20      296.0
520.30      296.7
520.40      297.4
520.50      298.2
520.60      298.9
520.70      299.6
520.80      300.4
520.90      301.1
521.00      301.8
521.10      302.6
521.20      303.3
521.30      304.0
521.40      304.8
521.50      305.5
521.60      306.2
521.70      306.7
521.80      307.4
521.90      308.2
522.00      309.2
522.10      309.9
522.20      310.6
522.30      311.4
522.40      312.1
522.50      312.8
522.60      313.6
522.70      314.3
522.80      315.0
522.90      315.8
523.00      316.2
523.10      317.0
523.20      317.9
523.30      318.7
523.40      319.4
523.50      320.1
523.60      320.9
523.70      321.6
523.80      322.3
523.90      323.3
524.00      324.1
524.10      324.8
524.20      325.8
524.30      326.5
524.40      327.2
524.50      328.0
524.60      328.9
524.70      329.7
524.80      330.4
524.90      331.4
525.00      332.1
525.10      332.8
525.20      333.8
525.30      334.6
525.40      335.5
525.50      336.3
525.60      337.0
525.70      338.0
525.80      338.7
525.90      339.4
526.00      340.2
526.10      341.1
526.20      341.9
526.30      342.9
526.40      343.6
526.50      344.3
526.60      345.3
526.70      346.0
526.80      346.8
526.90      347.7
527.00      348.5
527.10      349.2
527.20      350.2
527.30      350.9
527.40      351.6
527.50      352.4
527.60      353.4
527.70      354.1
527.80      354.8
527.90      355.8
528.00      356.5
528.10      357.3
528.20      358.2
528.30      359.0
528.40      359.7
528.50      360.4
528.60      361.4
528.70      362.1
528.80      362.9
528.90      363.6
529.00      364.6
529.10      365.3
529.20      366.1
529.30      367.0
529.40      367.8
529.50      368.7
529.60      369.5
529.70      370.2
529.80      370.9
529.90      371.9
530.00      372.6
530.10      373.6
530.20      374.4
530.30      375.1
530.40      376.1
530.50      376.8
530.60      377.5
530.70      378.3
530.80      379.2
530.90      380.0
531.00      380.7
531.10      381.4
531.20      382.2
531.30      382.7
531.40      383.6
531.50      384.4
531.60      385.1
531.70      385.8
531.80      386.6
531.90      387.5
532.00      388.3
532.10      389.0
532.20      389.7
532.30      390.5
532.40      391.2
532.50      391.9
532.60      392.7
532.70      393.4
532.80      394.1
532.90      395.1
533.00      395.8
533.10      396.6
533.20      397.1
533.30      397.8
533.40      398.5
533.50      399.3
533.60      400.0
533.70      400.7
533.80      401.5
533.90      402.0
534.00      402.7
534.10      403.4
534.20      404.2
534.30      404.9
534.40      405.6
534.50      406.1
534.60      407.1
534.70      407.8
534.80      408.5
534.90      409.0
535.00      409.8
535.10      410.5
535.20      411.2
535.30      412.0
535.40      412.7
535.50      413.2
535.60      413.9
535.70      414.7
535.80      415.4
535.90      416.1
536.00      416.8
536.10      417.6
536.20      418.1
536.30      418.8
536.40      419.5
536.50      420.3
536.60      421.0
536.70      421.7
536.80      422.5
536.90      423.0
537.00      423.4
537.10      424.2
537.20      424.9
537.30      425.6
537.40      426.4
537.50      427.1
537.60      427.6
537.70      428.3
537.80      429.1
537.90      429.5
538.00      430.3
538.10      431.3
538.20      432.0
538.30      432.7
538.40      433.5
538.50      434.2
538.60      434.9
538.70      435.7
538.80      436.1
538.90      436.9
539.00      437.6
539.10      438.6
539.20      439.3
539.30      440.0
539.40      440.8
539.50      441.5
539.60      442.5
539.70      443.2
539.80      444.0
539.90      444.9
540.00      445.7
540.10      446.4
540.20      447.4
540.30      448.1
540.40      448.8
540.50      449.8
540.60      450.8
540.70      451.5
540.80      452.3
540.90      453.2
541.00      454.2
541.10      454.9
541.20      455.9
541.30      456.7
541.40      457.6
541.50      458.4
541.60      459.3
541.70      460.3
541.80      461.1
541.90      462.0
542.00      462.8
542.10      463.7
542.20      464.7
542.30      465.7
542.40      466.7
542.50      467.4
542.60      468.4
542.70      469.4
542.80      470.3
542.90      471.3
543.00      472.3
543.10      473.3
543.20      474.0
543.30      475.0
543.40      475.9
543.50      476.9
543.60      477.7
543.70      478.9
543.80      479.9
543.90      480.6
544.00      481.6
544.10      482.5
544.20      483.5
544.30      484.5
544.40      485.2
544.50      486.2
544.60      487.4
544.70      488.2
544.80      489.4
544.90      490.1
545.00      491.1
545.10      492.1
545.20      493.0
545.30      494.0
545.40      495.0
545.50      496.0
545.60      496.9
545.70      498.2
545.80      499.1
545.90      499.9
546.00      500.9
546.10      502.1
546.20      503.1
546.30      504.0
546.40      505.3
546.50      506.0
546.60      507.0
546.70      507.9
546.80      508.9
546.90      509.9
547.00      510.9
547.10      511.8
547.20      512.8
547.30      513.8
547.40      514.5
547.50      515.5
547.60      516.5
547.70      517.2
547.80      518.2
547.90      519.2
548.00      520.1
548.10      521.1
548.20      522.1
548.30      523.1
548.40      524.1
548.50      524.8
548.60      525.8
548.70      526.7
548.80      528.0
548.90      528.7
549.00      529.7
549.10      530.4
549.20      531.4
549.30      532.4
549.40      533.3
549.50      534.3
549.60      535.3
549.70      536.0
549.80      537.0
549.90      538.0
550.00      538.9
550.10      539.7
550.20      540.7
550.30      541.6
550.40      542.6
550.50      543.6
550.60      544.6
550.70      545.3
550.80      546.3
550.90      547.0
551.00      548.0
551.10      549.0
551.20      549.9
551.30      550.9
551.40      551.6
551.50      552.6
551.60      553.6
551.70      554.3
551.80      555.3
551.90      556.3
552.00      557.3
552.10      558.0
552.20      559.0
552.30      560.0
552.40      560.7
552.50      561.7
552.60      562.6
552.70      563.4
552.80      564.3
552.90      565.1
553.00      566.1
553.10      566.8
553.20      567.8
553.30      568.7
553.40      569.7
553.50      570.7
553.60      571.4
553.70      572.2
553.80      573.1
553.90      573.9
554.00      575.1
554.10      575.8
554.20      577.0
554.30      577.8
554.40      578.8
554.50      579.7
554.60      580.7
554.70      581.4
554.80      582.4
554.90      583.4
555.00      584.4
555.10      585.6
555.20      586.6
555.30      587.3
555.40      588.5
555.50      589.5
555.60      590.5
555.70      591.5
555.80      592.7
555.90      593.4
556.00      594.6
556.10      595.6
556.20      596.6
556.30      597.6
556.40      598.5
556.50      599.5
556.60      600.7
556.70      601.7
556.80      602.7
556.90      603.9
557.00      604.9
557.10      606.1
557.20      607.3
557.30      608.3
557.40      609.5
557.50      610.7
557.60      611.7
557.70      612.9
557.80      613.9
557.90      614.9
558.00      616.1
558.10      617.1
558.20      618.3
558.30      619.3
558.40      620.5
558.50      621.5
558.60      622.7
558.70      623.7
558.80      624.9
558.90      625.9
559.00      627.1
559.10      628.3
559.20      629.3
559.30      630.3
559.40      631.5
559.50      632.5
559.60      633.7
559.70      634.9
559.80      636.1
559.90      637.4
560.00      638.3
560.10      639.3
560.20      640.5
560.30      641.5
560.40      642.5
560.50      643.7
560.60      644.9
560.70      645.9
560.80      646.9
560.90      647.9
561.00      648.8
561.10      649.8
561.20      651.0
561.30      652.3
561.40      653.5
561.50      654.5
561.60      655.4
561.70      656.7
561.80      657.6
561.90      658.4
562.00      659.6
562.10      660.8
562.20      661.8
562.30      662.8
562.40      664.0
562.50      665.0
562.60      665.9
562.70      666.9
562.80      668.1
562.90      669.1
563.00      670.1
563.10      671.1
563.20      672.0
563.30      672.8
563.40      674.0
563.50      674.7
563.60      675.7
563.70      676.7
563.80      677.7
563.90      678.6
564.00      679.6
564.10      680.6
564.20      681.6
564.30      682.3
564.40      683.3
564.50      684.2
564.60      685.2
564.70      686.2
564.80      687.2
564.90      687.9
565.00      688.9
565.10      689.9
565.20      690.8
565.30      691.6
565.40      692.6
565.50      693.5
565.60      694.3
565.70      695.2
565.80      696.2
565.90      697.2
566.00      697.9
566.10      698.7
566.20      699.6
566.30      700.4
566.40      701.1
566.50      702.1
566.60      702.8
566.70      703.5
566.80      704.5
566.90      705.5
567.00      706.2
567.10      707.0
567.20      707.7
567.30      708.4
567.40      709.4
567.50      710.1
567.60      711.1
567.70      711.8
567.80      712.6
567.90      713.3
568.00      714.3
568.10      715.0
568.20      715.8
568.30      716.5
568.40      717.2
568.50      717.9
568.60      718.7
568.70      719.4
568.80      720.1
568.90      720.9
569.00      721.6
569.10      722.1
569.20      722.8
569.30      723.6
569.40      724.5
569.50      725.0
569.60      725.8
569.70      726.5
569.80      727.2
569.90      728.0
570.00      728.7
570.10      729.4
570.20      730.2
570.30      730.9
570.40      731.6
570.50      732.4
570.60      733.1
570.70      733.8
570.80      734.8
570.90      735.5
571.00      736.5
571.10      737.0
571.20      737.7
571.30      738.5
571.40      739.2
571.50      739.9
571.60      740.7
571.70      741.4
571.80      742.6
571.90      743.3
572.00      744.1
572.10      744.8
572.20      745.5
572.30      746.3
572.40      747.0
572.50      747.7
572.60      748.5
572.70      749.2
572.80      749.9
572.90      750.4
573.00      751.4
573.10      751.9
573.20      752.6
573.30      753.4
573.40      754.1
573.50      754.6
573.60      755.6
573.70      756.3
573.80      757.0
573.90      757.5
574.00      758.2
574.10      759.0
574.20      759.7
574.30      760.4
574.40      761.2
574.50      761.7
574.60      762.4
574.70      762.9
574.80      763.6
574.90      764.3
575.00      765.1
575.10      765.6
575.20      766.3
575.30      767.0
575.40      767.8
575.50      768.5
575.60      769.0
575.70      769.7
575.80      770.2
575.90      770.9
576.00      771.4
576.10      771.9
576.20      772.6
576.30      773.1
576.40      773.9
576.50      774.4
576.60      774.8
576.70      775.3
576.80      775.8
576.90      776.3
577.00      776.8
577.10      777.5
577.20      778.0
577.30      778.5
577.40      779.0
577.50      779.5
577.60      780.0
577.70      780.5
577.80      781.0
577.90      781.4
578.00      781.9
578.10      782.4
578.20      782.9
578.30      783.2
578.40      783.6
578.50      784.1
578.60      784.6
578.70      785.1
578.80      785.6
578.90      785.8
579.00      786.3
579.10      786.6
579.20      787.1
579.30      787.3
579.40      787.8
579.50      788.0
579.60      788.5
579.70      788.8
579.80      789.5
579.90      789.7
580.00      790.0
580.10      790.2
580.20      790.7
580.30      790.7
580.40      791.0
580.50      791.2
580.60      791.7
580.70      791.9
580.80      792.4
580.90      792.7
581.00      793.2
581.10      793.2
581.20      793.4
581.30      793.4
581.40      793.7
581.50      793.9
581.60      794.4
581.70      794.6
581.80      794.9
581.90      795.1
582.00      795.4
582.10      795.4
582.20      795.8
582.30      796.1
582.40      796.3
582.50      796.3
582.60      796.6
582.70      796.8
582.80      797.1
582.90      797.1
583.00      797.3
583.10      797.6
583.20      797.8
583.30      797.8
583.40      798.0
583.50      798.3
583.60      798.3
583.70      798.3
583.80      798.5
583.90      798.8
584.00      798.8
584.10      799.0
584.20      799.3
584.30      799.3
584.40      799.3
584.50      799.5
584.60      799.5
584.70      799.8
584.80      799.8
584.90      799.8
585.00      800.0
585.10      799.8
585.20      800.0
585.30      799.8
585.40      800.0
585.50      800.2
585.60      800.2
585.70      800.5
585.80      800.5
585.90      800.5
586.00      800.5
586.10      800.5
586.20      800.5
586.30      800.5
586.40      800.5
586.50      800.5
586.60      800.5
586.70      800.5
586.80      800.5
586.90      800.5
587.00      800.2
587.10      800.2
587.20      800.5
587.30      800.2
587.40      800.2
587.50      800.2
587.60      800.2
587.70      800.2
587.80      800.2
587.90      800.0
588.00      800.0
588.10      800.0
588.20      800.0
588.30      799.8
588.40      799.5
588.50      799.5
588.60      799.5
588.70      799.3
588.80      799.3
588.90      799.3
589.00      799.0
589.10      798.8
589.20      798.8
589.30      798.3
589.40      798.3
589.50      798.3
589.60      798.3
589.70      798.0
589.80      797.8
589.90      797.6
590.00      797.3
590.10      797.1
590.20      797.1
590.30      796.8
590.40      796.8
590.50      796.6
590.60      796.6
590.70      796.1
590.80      795.8
590.90      795.6
591.00      795.4
591.10      795.1
591.20      794.9
591.30      794.6
591.40      794.4
591.50      794.1
591.60      793.9
591.70      793.4
591.80      793.2
591.90      792.9
592.00      792.9
592.10      792.4
592.20      791.9
592.30      791.7
592.40      791.2
592.50      791.0
592.60      790.7
592.70      790.2
592.80      790.2
592.90      789.7
593.00      789.5
593.10      788.8
593.20      788.3
593.30      788.0
593.40      787.5
593.50      787.1
593.60      787.1
593.70      786.3
593.80      786.1
593.90      785.6
594.00      785.1
594.10      784.6
594.20      784.1
594.30      783.6
594.40      783.2
594.50      782.9
594.60      782.4
594.70      781.7
594.80      781.2
594.90      780.7
595.00      780.2
595.10      779.5
595.20      779.2
595.30      778.8
595.40      778.5
595.50      777.8
595.60      777.5
595.70      777.0
595.80      776.8
595.90      776.3
596.00      776.1
596.10      775.3
596.20      774.8
596.30      774.4
596.40      774.1
596.50      773.6
596.60      773.4
596.70      772.9
596.80      772.4
596.90      771.7
597.00      771.2
597.10      770.7
597.20      770.2
597.30      769.7
597.40      769.2
597.50      768.7
597.60      768.3
597.70      767.5
597.80      767.0
597.90      766.3
598.00      765.8
598.10      765.1
598.20      764.6
598.30      764.1
598.40      763.6
598.50      763.1
598.60      762.4
598.70      761.7
598.80      761.2
598.90      760.7
599.00      760.0
599.10      759.5
599.20      758.7
599.30      758.0
599.40      757.5
599.50      757.0
599.60      756.5
599.70      756.0
599.80      755.6
599.90      755.1
600.00      754.6
600.10      753.6
600.20      753.1
600.30      752.1
600.40      751.6
600.50      751.2
600.60      750.7
600.70      749.9
600.80      749.2
600.90      748.5
601.00      748.0
601.10      747.3
601.20      746.5
601.30      746.0
601.40      745.3
601.50      744.3
601.60      743.8
601.70      743.3
601.80      742.6
601.90      742.1
602.00      741.4
602.10      740.7
602.20      740.2
602.30      739.2
602.40      738.7
602.50      738.0
602.60      737.2
602.70      736.5
602.80      736.0
602.90      735.3
603.00      734.8
603.10      734.1
603.20      733.3
603.30      732.6
603.40      731.6
603.50      730.9
603.60      730.2
603.70      729.4
603.80      728.7
603.90      728.0
604.00      727.2
604.10      726.3
604.20      725.5
604.30      724.5
604.40      723.6
604.50      722.6
604.60      722.1
604.70      720.9
604.80      720.1
604.90      719.4
605.00      718.4
605.10      717.7
605.20      716.7
605.30      715.8
605.40      715.0
605.50      713.8
605.60      713.1
605.70      712.3
605.80      711.4
605.90      710.4
606.00      709.6
606.10      708.7
606.20      707.9
606.30      707.0
606.40      706.0
606.50      705.0
606.60      704.0
606.70      703.1
606.80      702.1
606.90      701.1
607.00      700.4
607.10      699.4
607.20      698.7
607.30      697.7
607.40      696.7
607.50      695.7
607.60      694.7
607.70      693.8
607.80      692.8
607.90      691.6
608.00      690.6
608.10      689.6
608.20      688.6
608.30      687.7
608.40      686.7
608.50      685.7
608.60      684.7
608.70      683.5
608.80      682.8
608.90      681.6
609.00      680.6
609.10      679.6
609.20      678.6
609.30      677.7
609.40      676.7
609.50      675.2
609.60      674.5
609.70      673.3
609.80      672.3
609.90      671.3
610.00      670.6
610.10      669.4
610.20      668.4
610.30      667.2
610.40      666.2
610.50      665.0
610.60      664.0
610.70      663.0
610.80      661.8
610.90      660.8
611.00      660.1
611.10      658.9
611.20      657.9
611.30      656.9
611.40      655.9
611.50      654.7
611.60      653.7
611.70      652.7
611.80      652.0
611.90      650.8
612.00      650.1
612.10      649.1
612.20      648.4
612.30      647.4
612.40      646.4
612.50      645.4
612.60      644.7
612.70      643.5
612.80      642.7
612.90      641.5
613.00      640.5
613.10      639.6
613.20      638.6
613.30      637.6
613.40      636.9
613.50      635.9
613.60      634.9
613.70      633.9
613.80      632.7
613.90      631.7
614.00      631.0
614.10      629.8
614.20      628.8
614.30      627.8
614.40      626.9
614.50      625.9
614.60      625.2
614.70      623.9
614.80      623.2
614.90      622.2
615.00      621.2
615.10      620.3
615.20      619.5
615.30      618.3
615.40      617.3
615.50      616.4
615.60      615.6
615.70      614.7
615.80      613.7
615.90      612.7
616.00      611.7
616.10      610.5
616.20      609.8
616.30      608.8
616.40      607.8
616.50      606.8
616.60      606.1
616.70      604.9
616.80      603.9
616.90      602.9
617.00      602.0
617.10      601.0
617.20      600.0
617.30      599.0
617.40      598.0
617.50      597.1
617.60      596.3
617.70      595.1
617.80      594.4
617.90      593.4
618.00      592.2
618.10      591.2
618.20      590.2
618.30      589.3
618.40      588.3
618.50      587.3
618.60      586.3
618.70      585.3
618.80      584.4
618.90      583.2
619.00      582.2
619.10      581.2
619.20      580.2
619.30      579.2
619.40      578.0
619.50      577.0
619.60      576.1
619.70      574.8
619.80      573.6
619.90      572.6
620.00      571.7
620.10      570.5
620.20      569.5
620.30      568.3
620.40      567.3
620.50      566.1
620.60      565.1
620.70      563.9
620.80      562.9
620.90      561.7
621.00      560.7
621.10      559.5
621.20      558.5
621.30      557.3
621.40      556.3
621.50      555.1
621.60      553.8
621.70      552.6
621.80      551.6
621.90      550.7
622.00      549.5
622.10      548.2
622.20      547.0
622.30      545.8
622.40      544.6
622.50      543.3
622.60      542.4
622.70      541.1
622.80      540.2
622.90      538.9
623.00      538.0
623.10      536.8
623.20      535.5
623.30      534.3
623.40      533.3
623.50      532.1
623.60      531.1
623.70      529.9
623.80      528.9
623.90      527.7
624.00      526.5
624.10      525.3
624.20      524.1
624.30      523.1
624.40      521.9
624.50      520.6
624.60      519.4
624.70      518.2
624.80      517.0
624.90      515.8
625.00      514.5
625.10      513.3
625.20      512.3
625.30      511.1
625.40      510.1
625.50      508.9
625.60      507.7
625.70      506.5
625.80      505.3
625.90      504.3
626.00      503.1
626.10      501.8
626.20      500.6
626.30      499.4
626.40      498.4
626.50      497.2
626.60      496.0
626.70      494.7
626.80      493.8
626.90      492.8
627.00      491.6
627.10      490.4
627.20      489.4
627.30      488.2
627.40      487.2
627.50      486.0
627.60      485.0
627.70      484.0
627.80      482.8
627.90      481.8
628.00      480.8
628.10      479.6
628.20      478.9
628.30      477.9
628.40      476.9
628.50      475.7
628.60      474.7
628.70      473.7
628.80      472.8
628.90      471.8
629.00      470.8
629.10      469.6
629.20      468.6
629.30      467.6
629.40      466.7
629.50      465.7
629.60      464.5
629.70      463.5
629.80      462.5
629.90      461.5
630.00      460.3
630.10      459.3
630.20      458.4
630.30      457.4
630.40      456.4
630.50      455.4
630.60      454.5
630.70      453.5
630.80      452.5
630.90      451.5
631.00      450.5
631.10      449.6
631.20      448.6
631.30      447.6
631.40      446.6
631.50      445.9
631.60      444.7
631.70      444.0
631.80      443.0
631.90      442.0
632.00      441.3
632.10      440.3
632.20      439.3
632.30      438.3
632.40      437.4
632.50      436.4
632.60      435.4
632.70      434.4
632.80      433.7
632.90      432.7
633.00      431.7
633.10      430.8
633.20      430.0
633.30      429.1
633.40      428.1
633.50      427.1
633.60      426.1
633.70      425.4
633.80      424.4
633.90      423.4
634.00      422.5
634.10      421.7
634.20      420.8
634.30      419.8
634.40      418.8
634.50      417.8
634.60      416.8
634.70      415.9
634.80      415.1
634.90      414.2
635.00      412.9
635.10      412.0
635.20      411.2
635.30      410.0
635.40      409.3
635.50      408.3
635.60      407.3
635.70      406.3
635.80      405.4
635.90      404.4
636.00      403.2
636.10      402.2
636.20      401.2
636.30      400.2
636.40      399.3
636.50      398.0
636.60      397.1
636.70      396.1
636.80      395.1
636.90      393.9
637.00      392.9
637.10      391.9
637.20      391.0
637.30      390.0
637.40      389.0
637.50      388.0
637.60      387.1
637.70      385.8
637.80      384.9
637.90      383.9
638.00      382.7
638.10      381.7
638.20      380.7
638.30      379.5
638.40      378.5
638.50      377.5
638.60      376.3
638.70      375.3
638.80      374.4
638.90      373.4
639.00      372.4
639.10      371.4
639.20      370.2
639.30      369.2
639.40      368.3
639.50      367.3
639.60      366.1
639.70      365.1
639.80      364.1
639.90      363.1
640.00      362.1
640.10      361.2
640.20      360.2
640.30      359.2
640.40      358.0
640.50      357.0
640.60      356.0
640.70      355.1
640.80      354.1
640.90      353.1
641.00      351.9
641.10      350.9
641.20      349.9
641.30      349.0
641.40      348.0
641.50      346.8
641.60      346.0
641.70      345.1
641.80      343.8
641.90      342.9
642.00      341.9
642.10      340.9
642.20      339.9
642.30      338.9
642.40      338.0
642.50      337.0
642.60      336.0
642.70      335.0
642.80      334.3
642.90      333.3
643.00      332.6
643.10      331.6
643.20      330.6
643.30      329.7
643.40      328.7
643.50      327.7
643.60      327.0
643.70      326.0
643.80      325.0
643.90      324.1
644.00      323.3
644.10      322.6
644.20      321.9
644.30      321.1
644.40      320.1
644.50      319.4
644.60      318.4
644.70      317.7
644.80      317.0
644.90      316.0
645.00      315.3
645.10      314.5
645.20      313.6
645.30      312.8
645.40      312.1
645.50      311.1
645.60      310.4
645.70      309.6
645.80      308.7
645.90      307.9
646.00      307.0
646.10      306.2
646.20      305.5
646.30      304.8
646.40      304.0
646.50      303.1
646.60      302.3
646.70      301.6
646.80      300.6
646.90      299.9
647.00      299.1
647.10      298.4
647.20      297.4
647.30      296.7
647.40      296.0
647.50      295.2
647.60      294.5
647.70      293.8
647.80      293.0
647.90      292.3
648.00      291.6
648.10      290.8
648.20      290.1
648.30      289.1
648.40      288.4
648.50      287.9
648.60      287.2
648.70      286.4
648.80      285.7
648.90      285.0
649.00      284.2
649.10      283.5
649.20      282.5
649.30      281.8
649.40      281.1
649.50      280.3
649.60      279.6
649.70      278.9
649.80      278.1
649.90      277.4
650.00      276.7
650.10      276.2
650.20      275.2
650.30      274.5
650.40      274.0
650.50      273.0
650.60      272.5
650.70      271.6
650.80      270.8
650.90      270.1
651.00      269.4
651.10      268.6
651.20      267.9
651.30      267.2
651.40      266.4
651.50      265.7
651.60      265.0
651.70      264.0
651.80      263.2
651.90      262.5
652.00      261.8
652.10      261.1
652.20      260.3
652.30      259.3
652.40      258.6
652.50      257.9
652.60      257.1
652.70      256.4
652.80      255.7
652.90      254.9
653.00      254.0
653.10      253.2
653.20      252.5
653.30      251.8
653.40      251.0
653.50      250.3
653.60      249.3
653.70      248.6
653.80      247.9
653.90      247.1
654.00      246.4
654.10      245.4
654.20      244.7
654.30      244.0
654.40      243.2
654.50      242.5
654.60      241.8
654.70      241.0
654.80      240.3
654.90      239.6
655.00      238.8
655.10      238.1
655.20      237.4
655.30      236.6
655.40      235.9
655.50      235.2
655.60      234.4
655.70      233.7
655.80      233.0
655.90      232.2
656.00      231.5
656.10      230.8
656.20      230.0
656.30      229.3
656.40      228.6
656.50      227.8
656.60      227.1
656.70      226.4
656.80      225.6
656.90      224.9
657.00      224.2
657.10      223.4
657.20      222.7
657.30      222.0
657.40      221.2
657.50      220.5
657.60      219.8
657.70      219.0
657.80      218.3
657.90      217.6
658.00      217.1
658.10      216.1
658.20      215.6
658.30      214.7
658.40      213.9
658.50      213.4
658.60      212.7
658.70      212.0
658.80      211.2
658.90      210.7
659.00      210.0
659.10      209.5
659.20      208.8
659.30      208.1
659.40      207.3
659.50      206.8
659.60      206.1
659.70      205.6
659.80      205.1
659.90      204.4
660.00      203.7
660.10      202.9
660.20      202.4
660.30      202.0
660.40      201.2
660.50      200.7
660.60      200.0
660.70      199.5
660.80      198.8
660.90      198.3
661.00      197.8
661.10      197.1
661.20      196.6
661.30      196.1
661.40      195.4
661.50      194.9
661.60      194.1
661.70      193.7
661.80      193.2
661.90      192.7
662.00      191.9
662.10      191.5
662.20      191.0
662.30      190.2
662.40      189.7
662.50      189.3
662.60      188.5
662.70      188.0
662.80      187.5
662.90      187.1
663.00      186.6
663.10      185.8
663.20      185.3
663.30      184.9
663.40      184.4
663.50      183.9
663.60      183.2
663.70      182.7
663.80      182.2
663.90      181.7
664.00      181.0
664.10      180.5
664.20      180.0
664.30      179.5
664.40      179.0
664.50      178.5
664.60      178.0
664.70      177.5
664.80      177.0
664.90      176.6
665.00      176.1
665.10      175.6
665.20      175.1
665.30      174.6
665.40      174.1
665.50      173.6
665.60      173.1
665.70      172.6
665.80      171.9
665.90      171.4
666.00      170.9
666.10      170.5
666.20      170.2
666.30      169.5
666.40      169.0
666.50      168.5
666.60      168.0
666.70      167.5
666.80      167.0
666.90      166.5
667.00      166.1
667.10      165.6
667.20      165.1
667.30      164.6
667.40      164.1
667.50      163.6
667.60      163.1
667.70      162.4
667.80      161.9
667.90      161.4
668.00      160.9
668.10      160.4
668.20      159.7
668.30      159.2
668.40      158.7
668.50      158.2
668.60      157.8
668.70      157.3
668.80      156.8
668.90      156.3
669.00      155.8
669.10      155.3
669.20      154.8
669.30      154.1
669.40      153.6
669.50      153.1
669.60      152.6
669.70      152.1
669.80      151.6
669.90      151.2
670.00      150.7
670.10      150.2
670.20      149.5
670.30      149.0
670.40      148.5
670.50      148.0
670.60      147.5
670.70      147.0
670.80      146.5
670.90      146.0
671.00      145.5
671.10      145.1
671.20      144.6
671.30      144.1
671.40      143.3
671.50      142.9
671.60      142.4
671.70      141.9
671.80      141.4
671.90      140.9
672.00      140.4
672.10      139.9
672.20      139.4
672.30      138.9
672.40      138.5
672.50      138.2
672.60      137.5
672.70      137.0
672.80      136.8
672.90      136.3
673.00      135.5
673.10      135.0
673.20      134.8
673.30      134.3
673.40      133.8
673.50      133.3
673.60      132.8
673.70      132.4
673.80      131.9
673.90      131.4
674.00      130.9
674.10      130.4
674.20      129.9
674.30      129.4
674.40      128.9
674.50      128.4
674.60      128.2
674.70      127.7
674.80      127.2
674.90      127.0
675.00      126.5
675.10      126.0
675.20      125.5
675.30      125.3
675.40      124.8
675.50      124.3
675.60      123.8
675.70      123.6
675.80      123.1
675.90      122.8
676.00      122.3
676.10      121.9
676.20      121.6
676.30      121.1
676.40      120.9
676.50      120.4
676.60      119.9
676.70      119.7
676.80      119.2
676.90      118.9
677.00      118.4
677.10      118.2
677.20      117.7
677.30      117.5
677.40      117.0
677.50      116.7
677.60      116.2
677.70      116.0
677.80      115.5
677.90      115.3
678.00      114.8
678.10      114.5
678.20      114.0
678.30      113.8
678.40      113.3
678.50      113.1
678.60      112.6
678.70      112.3
678.80      111.8
678.90      111.6
679.00      111.4
679.10      111.1
679.20      110.6
679.30      110.4
679.40      109.9
679.50      109.6
679.60      109.2
679.70      108.9
679.80      108.7
679.90      108.2
680.00      107.9
680.10      107.7
680.20      107.2
680.30      107.0
680.40      106.7
680.50      106.2
680.60      106.0
680.70      105.7
680.80      105.3
680.90      105.0
681.00      104.8
681.10      104.5
681.20      104.0
681.30      103.8
681.40      103.5
681.50      103.3
681.60      102.8
681.70      102.6
681.80      102.3
681.90      101.8
682.00      101.6
682.10      101.3
682.20      100.9
682.30      100.6
682.40      100.4
682.50      100.1
682.60      99.6
682.70      99.4
682.80      99.1
682.90      98.7
683.00      98.4
683.10      98.2
683.20      97.7
683.30      97.4
683.40      97.2
683.50      96.9
683.60      96.5
683.70      96.2
683.80      95.7
683.90      95.5
684.00      95.2
684.10      94.7
684.20      94.5
684.30      94.3
684.40      93.8
684.50      93.5
684.60      93.0
684.70      92.8
684.80      92.6
684.90      92.1
685.00      91.8
685.10      91.6
685.20      91.1
685.30      90.8
685.40      90.6
685.50      90.1
685.60      89.9
685.70      89.6
685.80      89.1
685.90      88.9
686.00      88.4
686.10      88.2
686.20      87.9
686.30      87.7
686.40      87.2
686.50      86.9
686.60      86.7
686.70      86.2
686.80      86.0
686.90      85.7
687.00      85.2
687.10      85.0
687.20      84.7
687.30      84.2
687.40      84.0
687.50      83.8
687.60      83.3
687.70      83.0
687.80      82.8
687.90      82.3
688.00      82.1
688.10      81.8
688.20      81.3
688.30      81.1
688.40      80.8
688.50      80.6
688.60      80.1
688.70      79.9
688.80      79.6
688.90      79.4
689.00      78.9
689.10      78.6
689.20      78.4
689.30      78.1
689.40      77.7
689.50      77.4
689.60      77.2
689.70      76.7
689.80      76.4
689.90      76.2
690.00      75.7
690.10      75.5
690.20      75.2
690.30      75.0
690.40      74.5
690.50      74.2
690.60      74.0
690.70      73.7
690.80      73.5
690.90      73.0
691.00      72.8
691.10      72.5
691.20      72.3
691.30      72.0
691.40      71.6
691.50      71.6
691.60      71.1
691.70      70.8
691.80      70.6
691.90      70.3
692.00      69.8
692.10      69.6
692.20      69.4
692.30      69.1
692.40      68.6
692.50      68.4
692.60      68.1
692.70      67.9
692.80      67.4
692.90      67.2
693.00      66.7
693.10      66.4
693.20      66.2
693.30      65.9
693.40      65.7
693.50      65.4
693.60      65.4
693.70      65.2
693.80      65.2
693.90      65.0
694.00      65.0
694.10      65.0
694.20      65.0
694.30      65.0
694.40      64.7
694.50      64.7
694.60      64.7
694.70      64.7
694.80      64.5
694.90      64.5
695.00      64.5
695.10      64.5
695.20      64.2
695.30      64.2
695.40      64.2
695.50      64.2
695.60      64.0
695.70      64.0
695.80      64.0
695.90      64.0
696.00      64.0
696.10      63.7
696.20      63.7
696.30      63.7
696.40      63.5
696.50      63.5
696.60      63.5
696.70      63.5
696.80      63.5
696.90      63.2
697.00      63.2
697.10      63.2
697.20      63.2
697.30      63.2
697.40      63.0
697.50      63.0
697.60      63.0
697.70      63.0
697.80      63.0
697.90      63.0
698.00      63.0
698.10      62.8
698.20      62.8
698.30      62.8
698.40      62.8
698.50      62.8
698.60      62.8
698.70      62.8
698.80      62.8
698.90      62.8
699.00      62.5
699.10      62.5
699.20      62.5
699.30      62.5
699.40      62.5
699.50      62.5
699.60      62.5
699.70      62.5
699.80      62.5
699.90      62.5
700.00      62.5
700.10      62.5
700.20      62.3
700.30      62.3
700.40      62.3
700.50      62.3
700.60      62.3
700.70      62.3
700.80      62.3
700.90      62.3
701.00      62.3
701.10      62.3
701.20      62.3
701.30      62.3
701.40      62.3
701.50      62.5
701.60      62.3
701.70      62.3
701.80      62.3
701.90      62.3
702.00      62.3
702.10      62.5
702.20      62.3
702.30      62.5
702.40      62.3
702.50      62.5
702.60      62.5
702.70      62.5
702.80      62.5
702.90      62.5
703.00      62.5
703.10      62.5
703.20      62.5
703.30      62.5
703.40      62.5
703.50      62.5
703.60      62.5
703.70      62.5
703.80      62.5
703.90      62.5
704.00      62.5
704.10      62.5
704.20      62.5
704.30      62.5
704.40      62.5
704.50      62.8
704.60      62.5
704.70      62.5
704.80      62.5
704.90      62.5
705.00      62.5
705.10      62.5
705.20      62.5
705.30      62.5
705.40      62.5
705.50      62.5
705.60      62.5
705.70      62.5
705.80      62.5
705.90      62.5
706.00      62.5
706.10      62.5
706.20      62.3
706.30      62.3
706.40      62.3
706.50      62.3
706.60      62.3
706.70      62.3
706.80      62.0
706.90      62.0
707.00      62.0
707.10      62.0
707.20      61.8
707.30      61.8
707.40      61.8
707.50      61.8
707.60      61.5
707.70      61.5
707.80      61.5
707.90      61.3
708.00      61.3
708.10      61.3
708.20      61.1
708.30      61.1
708.40      61.1
708.50      60.8
708.60      60.8
708.70      60.6
708.80      60.6
708.90      60.6
709.00      60.3
709.10      60.3
709.20      60.1
709.30      60.1
709.40      59.8
709.50      59.8
709.60      59.6
709.70      59.3
709.80      59.3
709.90      59.1
710.00      59.1
710.10      58.9
710.20      58.9
710.30      58.6
710.40      58.4
710.50      58.4
710.60      58.1
710.70      57.9
710.80      57.9
710.90      57.6
711.00      57.4
711.10      57.4
711.20      57.1
711.30      56.9
711.40      56.7
711.50      56.7
711.60      56.4
711.70      56.2
711.80      56.2
711.90      55.9
712.00      55.7
712.10      55.4
712.20      55.2
712.30      55.2
712.40      54.9
712.50      54.7
712.60      54.5
712.70      54.5
712.80      54.2
712.90      54.0
713.00      53.7
713.10      53.7
713.20      53.5
713.30      53.2
713.40      53.0
713.50      52.7
713.60      52.5
713.70      52.5
713.80      52.3
713.90      52.0
714.00      51.8
714.10      51.5
714.20      51.3
714.30      51.3
714.40      51.0
714.50      50.8
714.60      50.5
714.70      50.3
714.80      50.1
714.90      49.8
715.00      49.6
715.10      49.3
715.20      49.1
715.30      49.1
715.40      48.8
715.50      48.6
715.60      48.4
715.70      48.1
715.80      47.9
715.90      47.6
716.00      47.4
716.10      47.1
716.20      46.9
716.30      46.6
716.40      46.4
716.50      46.2
716.60      45.9
716.70      45.7
716.80      45.4
716.90      45.2
717.00      44.9
717.10      44.7
717.20      44.4
717.30      44.2
717.40      44.0
717.50      43.7
717.60      43.5
717.70      43.2
717.80      43.0
717.90      43.0
718.00      42.5
718.10      42.5
718.20      42.2
718.30      42.0
718.40      41.8
718.50      41.5
718.60      41.3
718.70      41.0
718.80      40.8
718.90      40.5
719.00      40.3
719.10      40.0
719.20      40.0
719.30      39.8
719.40      39.6
719.50      39.3
719.60      39.1
719.70      38.8
719.80      38.6
719.90      38.3
720.00      38.1
720.10      38.1
720.20      37.9
720.30      37.6
720.40      37.4
720.50      37.1
720.60      36.9
720.70      36.9
720.80      36.6
720.90      36.4
721.00      36.1
721.10      35.9
721.20      35.9
721.30      35.7
721.40      35.4
721.50      35.2
721.60      34.9
721.70      34.9
721.80      34.7
721.90      34.4
722.00      34.2
722.10      34.2
722.20      33.9
722.30      33.7
722.40      33.5
722.50      33.5
722.60      33.2
722.70      33.0
722.80      32.7
722.90      32.7
723.00      32.5
723.10      32.2
723.20      32.0
723.30      32.0
723.40      31.7
723.50      31.7
723.60      31.5
723.70      31.3
723.80      31.3
723.90      31.0
724.00      30.8
724.10      30.8
724.20      30.5
724.30      30.5
724.40      30.3
724.50      30.3
724.60      30.0
724.70      29.8
724.80      29.8
724.90      29.5
725.00      29.5
725.10      29.3
725.20      29.3
725.30      29.1
725.40      28.8
725.50      28.8
725.60      28.6
725.70      28.6
725.80      28.3
725.90      28.3
726.00      28.1
726.10      28.1
726.20      27.8
726.30      27.8
726.40      27.6
726.50      27.6
726.60      27.4
726.70      27.4
726.80      27.1
726.90      27.1
727.00      26.9
727.10      26.9
727.20      26.6
727.30      26.6
727.40      26.4
727.50      26.4
727.60      26.1
727.70      26.1
727.80      25.9
727.90      25.9
728.00      25.9
728.10      25.6
728.20      25.6
728.30      25.4
728.40      25.4
728.50      25.2
728.60      25.2
728.70      25.2
728.80      24.9
728.90      24.9
729.00      24.7
729.10      24.7
729.20      24.4
729.30      24.4
729.40      24.4
729.50      24.2
729.60      24.2
729.70      24.2
729.80      23.9
729.90      23.9
730.00      23.7
730.10      23.7
730.20      23.7
730.30      23.4
730.40      23.4
730.50      23.2
730.60      23.2
730.70      23.2
730.80      23.0
730.90      23.0
731.00      22.7
731.10      22.7
731.20      22.5
731.30      22.5
731.40      22.5
731.50      22.2
731.60      22.2
731.70      22.2
731.80      22.0
731.90      22.0
732.00      21.7
732.10      21.7
732.20      21.7
732.30      21.5
732.40      21.5
732.50      21.5
732.60      21.2
732.70      21.2
732.80      21.0
732.90      21.0
733.00      21.0
733.10      20.8
733.20      20.8
733.30      20.8
733.40      20.5
733.50      20.5
733.60      20.3
733.70      20.3
733.80      20.3
733.90      20.0
734.00      20.0
734.10      20.0
734.20      19.8
734.30      19.8
734.40      19.8
734.50      19.5
734.60      19.5
734.70      19.5
734.80      19.3
734.90      19.3
735.00      19.0
735.10      19.0
735.20      19.0
735.30      18.8
735.40      18.8
735.50      18.8
735.60      18.6
735.70      18.6
735.80      18.6
735.90      18.3
736.00      18.3
736.10      18.3
736.20      18.1
736.30      18.1
736.40      18.1
736.50      18.1
736.60      17.8
736.70      17.8
736.80      17.8
736.90      17.6
737.00      17.6
737.10      17.6
737.20      17.3
737.30      17.3
737.40      17.3
737.50      17.3
737.60      17.1
737.70      17.1
737.80      16.8
737.90      16.8
738.00      16.8
738.10      16.8
738.20      16.6
738.30      16.6
738.40      16.6
738.50      16.6
738.60      16.4
738.70      16.4
738.80      16.4
738.90      16.1
739.00      16.1
739.10      16.1
739.20      16.1
739.30      15.9
739.40      15.9
739.50      15.9
739.60      15.9
739.70      15.6
739.80      15.6
739.90      15.6
740.00      15.6
740.10      15.4
740.20      15.4
740.30      15.4
740.40      15.4
740.50      15.4
740.60      15.1
740.70      15.1
740.80      15.1
740.90      15.1
741.00      14.9
741.10      14.9
741.20      14.9
741.30      14.9
741.40      14.7
741.50      14.7
741.60      14.7
741.70      14.7
741.80      14.7
741.90      14.7
742.00      14.4
742.10      14.4
742.20      14.4
742.30      14.4
742.40      14.2
742.50      14.2
742.60      14.2
742.70      14.2
742.80      14.2
742.90      14.2
743.00      13.9
743.10      13.9
743.20      13.9
743.30      13.9
743.40      13.7
743.50      13.7
743.60      13.7
743.70      13.7
743.80      13.7
743.90      13.7
744.00      13.4
744.10      13.4
744.20      13.4
744.30      13.4
744.40      13.4
744.50      13.4
744.60      13.2
744.70      13.2
744.80      13.2
744.90      13.2
745.00      13.2
745.10      12.9
745.20      12.9
745.30      12.9
745.40      12.9
745.50      12.9
745.60      12.9
745.70      12.7
745.80      12.7
745.90      12.7
746.00      12.7
746.10      12.7
746.20      12.5
746.30      12.5
746.40      12.5
746.50      12.5
746.60      12.5
746.70      12.5
746.80      12.2
746.90      12.2
747.00      12.2
747.10      12.2
747.20      12.2
747.30      12.2
747.40      12.2
747.50      12.0
747.60      12.0
747.70      12.0
747.80      12.0
747.90      12.0
748.00      12.0
748.10      11.7
748.20      11.7
748.30      11.7
748.40      11.7
748.50      11.7
748.60      11.5
748.70      11.5
748.80      11.5
748.90      11.5
749.00      11.5
749.10      11.5
749.20      11.2
749.30      11.2
749.40      11.2
749.50      11.2
749.60      11.2
749.70      11.2
749.80      11.0
749.90      11.0
750.00      11.0
750.10      11.0
750.20      11.0
750.30      11.0
750.40      10.7
750.50      10.7
750.60      10.7
750.70      10.7
750.80      10.7
750.90      10.7
751.00      10.7
751.10      10.7
751.20      10.5
751.30      10.5
751.40      10.5
751.50      10.5
751.60      10.5
751.70      10.5
751.80      10.3
751.90      10.3
752.00      10.3
752.10      10.3
752.20      10.3
752.30      10.3
752.40      10.0
752.50      10.0
752.60      10.0
752.70      10.0
752.80      10.0
752.90      10.0
753.00      10.0
753.10      10.0
753.20      9.8
753.30      9.8
753.40      9.8
753.50      9.8
753.60      9.8
753.70      9.8
753.80      9.5
753.90      9.5
754.00      9.5
754.10      9.5
754.20      9.5
754.30      9.5
754.40      9.5
754.50      9.5
754.60      9.3
754.70      9.3
754.80      9.3
754.90      9.3
755.00      9.3
755.10      9.3
755.20      9.3
755.30      9.3
755.40      9.0
755.50      9.0
755.60      9.0
755.70      9.0
755.80      9.0
755.90      9.0
756.00      9.0
756.10      9.0
756.20      8.8
756.30      8.8
756.40      8.8
756.50      8.8
756.60      8.8
756.70      8.8
756.80      8.8
756.90      8.8
757.00      8.8
757.10      8.8
757.20      8.5
757.30      8.5
757.40      8.5
757.50      8.5
757.60      8.5
757.70      8.5
757.80      8.5
757.90      8.5
758.00      8.5
758.10      8.5
758.20      8.3
758.30      8.3
758.40      8.3
758.50      8.3
758.60      8.3
758.70      8.3
758.80      8.3
758.90      8.3
759.00      8.3
759.10      8.3
759.20      8.1
759.30      8.1
759.40      8.1
759.50      8.1
759.60      8.1
759.70      8.1
759.80      8.1
759.90      8.1
760.00      8.1
760.10      8.1
760.20      7.8
760.30      7.8
760.40      7.8
760.50      7.8
760.60      7.8
760.70      7.8
760.80      7.8
760.90      7.8
761.00      7.8
761.10      7.8
761.20      7.8
761.30      7.8
761.40      7.6
761.50      7.6
761.60      7.6
761.70      7.6
761.80      7.6
761.90      7.6
762.00      7.6
762.10      7.6
762.20      7.6
762.30      7.6
762.40      7.6
762.50      7.6
762.60      7.3
762.70      7.3
762.80      7.3
762.90      7.3
763.00      7.3
763.10      7.3
763.20      7.3
763.30      7.3
763.40      7.3
763.50      7.3
763.60      7.1
763.70      7.1
763.80      7.1
763.90      7.1
764.00      7.1
764.10      7.1
764.20      7.1
764.30      7.1
764.40      7.1
764.50      7.1
764.60      7.1
764.70      7.1
764.80      6.8
764.90      6.8
765.00      6.8
765.10      6.8
765.20      6.8
765.30      6.8
765.40      6.8
765.50      6.8
765.60      6.8
765.70      6.8
765.80      6.8
765.90      6.8
766.00      6.6
766.10      6.8
766.20      6.6
766.30      6.6
766.40      6.6
766.50      6.6
766.60      6.6
766.70      6.6
766.80      6.6
766.90      6.6
767.00      6.6
767.10      6.6
767.20      6.6
767.30      6.6
767.40      6.3
767.50      6.3
767.60      6.3
767.70      6.3
767.80      6.3
767.90      6.3
768.00      6.3
768.10      6.3
768.20      6.3
768.30      6.3
768.40      6.3
768.50      6.3
768.60      6.1
768.70      6.3
768.80      6.1
768.90      6.1
769.00      6.1
769.10      6.1
769.20      6.1
769.30      6.1
769.40      6.1
769.50      6.1
769.60      6.1
769.70      6.1
769.80      6.1
769.90      6.1
770.00      5.9
770.10      6.1
770.20      5.9
770.30      5.9
770.40      5.9
770.50      5.9
770.60      5.9
770.70      5.9
770.80      5.9
770.90      5.9
771.00      5.9
771.10      5.9
771.20      5.9
771.30      5.9
771.40      5.9
771.50      5.9
771.60      5.6
771.70      5.9
771.80      5.6
771.90      5.6
772.00      5.6
772.10      5.6
772.20      5.6
772.30      5.6
772.40      5.6
772.50      5.6
772.60      5.6
772.70      5.6
772.80      5.6
772.90      5.6
773.00      5.6
773.10      5.6
773.20      5.6
773.30      5.6
773.40      5.4
773.50      5.4
773.60      5.4
773.70      5.4
773.80      5.4
773.90      5.4
774.00      5.4
774.10      5.4
774.20      5.4
774.30      5.4
774.40      5.4
774.50      5.4
774.60      5.4
774.70      5.4
774.80      5.4
774.90      5.4
775.00      5.1
775.10      5.4
775.20      5.1
775.30      5.1
775.40      5.1
775.50      5.1
775.60      5.1
775.70      5.1
775.80      5.1
775.90      5.1
776.00      5.1
776.10      5.1
776.20      5.1
776.30      5.1
776.40      5.1
776.50      5.1
776.60      5.1
776.70      5.1
776.80      5.1
776.90      5.1
777.00      5.1
777.10      5.1
777.20      4.9
777.30      5.1
777.40      4.9
777.50      4.9
777.60      4.9
777.70      4.9
777.80      4.9
777.90      4.9
778.00      4.9
778.10      4.9
778.20      4.9
778.30      4.9
778.40      4.9
778.50      4.9
778.60      4.9
778.70      4.9
778.80      4.9
778.90      4.9
779.00      4.9
779.10      4.9
779.20      4.6
779.30      4.9
779.40      4.6
779.50      4.6
779.60      4.6
779.70      4.6
779.80      4.6
779.90      4.6
780.00      4.6
780.10      4.6
780.20      4.6
780.30      4.6
780.40      4.6
780.50      4.6
780.60      4.6
780.70      4.6
780.80      4.6
780.90      4.6
781.00      4.6
781.10      4.6
781.20      4.6
781.30      4.6
781.40      4.4
781.50      4.6
781.60      4.4
781.70      4.4
781.80      4.4
781.90      4.4
782.00      4.4
782.10      4.4
782.20      4.4
782.30      4.4
782.40      4.4
782.50      4.4
782.60      4.4
782.70      4.4
782.80      4.4
782.90      4.4
783.00      4.4
783.10      4.4
783.20      4.4
783.30      4.4
783.40      4.4
783.50      4.4
783.60      4.4
783.70      4.4
783.80      4.2
783.90      4.2
784.00      4.2
784.10      4.2
784.20      4.2
784.30      4.2
784.40      4.2
784.50      4.2
784.60      4.2
784.70      4.2
784.80      4.2
784.90      4.2
785.00      4.2
785.10      4.2
785.20      4.2
785.30      4.2
785.40      4.2
785.50      4.2
785.60      4.2
785.70      4.2
785.80      4.2
785.90      4.2
786.00      4.2
786.10      4.2
786.20      3.9
786.30      4.2
786.40      3.9
786.50      4.2
786.60      3.9
786.70      3.9
786.80      3.9
786.90      3.9
787.00      3.9
787.10      3.9
787.20      3.9
787.30      3.9
787.40      3.9
787.50      3.9
787.60      3.9
787.70      3.9
787.80      3.9
787.90      3.9
788.00      3.9
788.10      3.9
788.20      3.9
788.30      3.9
788.40      3.9
788.50      3.9
788.60      3.9
788.70      3.9
788.80      3.9
788.90      3.9
789.00      3.9
789.10      3.9
789.20      3.7
789.30      3.7
789.40      3.7
789.50      3.7
789.60      3.7
789.70      3.7
789.80      3.7
789.90      3.7
790.00      3.7
790.10      3.7
790.20      3.7
790.30      3.7
790.40      3.7
790.50      3.7
790.60      3.7
790.70      3.7
790.80      3.7
790.90      3.7
791.00      3.7
791.10      3.7
791.20      3.7
791.30      3.7
791.40      3.7
791.50      3.7
791.60      3.7
791.70      3.7
791.80      3.7
791.90      3.7
792.00      3.7
792.10      3.7
792.20      3.7
792.30      3.7
792.40      3.4
792.50      3.7
792.60      3.4
792.70      3.4
792.80      3.4
792.90      3.4
793.00      3.4
793.10      3.4
793.20      3.4
793.30      3.4
793.40      3.4
793.50      3.4
793.60      3.4
793.70      3.4
793.80      3.4
793.90      3.4
794.00      3.4
794.10      3.4
794.20      3.4
794.30      3.4
794.40      3.4
794.50      3.4
794.60      3.4
794.70      3.4
794.80      3.4
794.90      3.4
795.00      3.4
795.10      3.4
795.20      3.4
795.30      3.4
795.40      3.4
795.50      3.4
795.60      3.4
795.70      3.4
795.80      3.4
795.90      3.4
796.00      3.4
796.10      3.4
796.20      3.2
796.30      3.2
796.40      3.2
796.50      3.2
796.60      3.2
796.70      3.2
796.80      3.2
796.90      3.2
797.00      3.2
797.10      3.2
797.20      3.2
797.30      3.2
797.40      3.2
797.50      3.2
797.60      3.2
797.70      3.2
797.80      3.2
797.90      3.2
798.00      3.2
798.10      3.2
798.20      3.2
798.30      3.2
798.40      3.2
798.50      3.2
798.60      3.2
798.70      3.2
798.80      3.2
798.90      3.2
799.00      3.2
799.10      3.2
799.20      3.2
799.30      3.2
799.40      3.2
799.50      3.2
799.60      3.2
799.70      3.2
799.80      3.2
799.90      3.2
800.00      3.2
