300.00      2.7
300.10      2.7
300.20      2.7
300.30      2.7
300.40      2.7
300.50      2.7
300.60      2.7
300.70      2.9
300.80      2.9
300.90      2.9
301.00      2.9
301.10      2.9
301.20      2.9
301.30      2.9
301.40      3.2
301.50      3.2
301.60      3.2
301.70      3.2
301.80      3.2
301.90      3.2
302.00      3.2
302.10      3.4
302.20      3.4
302.30      3.4
302.40      3.4
302.50      3.4
302.60      3.4
302.70      3.4
302.80      3.4
302.90      3.4
303.00      3.4
303.10      3.7
303.20      3.7
303.30      3.7
303.40      3.7
303.50      3.7
303.60      3.7
303.70      3.7
303.80      3.7
303.90      3.7
304.00      3.7
304.10      3.7
304.20      3.4
304.30      3.4
304.40      3.2
304.50      3.2
304.60      2.9
304.70      2.9
304.80      2.9
304.90      2.9
305.00      2.9
305.10      2.9
305.20      2.7
305.30      2.7
305.40      2.7
305.50      2.4
305.60      2.4
305.70      2.4
305.80      2.2
305.90      2.2
306.00      2.2
306.10      2.2
306.20      2.0
306.30      2.0
306.40      2.0
306.50      2.0
306.60      1.7
306.70      1.7
306.80      1.7
306.90      1.7
307.00      1.7
307.10      1.7
307.20      1.7
307.30      1.7
307.40      1.7
307.50      1.7
307.60      1.5
307.70      1.7
307.80      1.5
307.90      1.7
308.00      1.5
308.10      1.7
308.20      1.5
308.30      1.7
308.40      1.5
308.50      1.5
308.60      1.5
308.70      1.7
308.80      1.5
308.90      1.7
309.00      1.5
309.10      1.5
309.20      1.5
309.30      1.5
309.40      1.5
309.50      1.5
309.60      1.5
309.70      1.5
309.80      1.5
309.90      1.5
310.00      1.5
310.10      1.5
310.20      1.5
310.30      1.5
310.40      1.5
310.50      1.5
310.60      1.5
310.70      1.5
310.80      1.5
310.90      1.5
311.00      1.5
311.10      1.5
311.20      1.5
311.30      1.5
311.40      1.5
311.50      1.5
311.60      1.5
311.70      1.5
311.80      1.5
311.90      1.5
312.00      1.5
312.10      1.5
312.20      1.5
312.30      1.5
312.40      1.5
312.50      1.5
312.60      1.5
312.70      1.5
312.80      1.5
312.90      1.5
313.00      1.5
313.10      1.5
313.20      1.5
313.30      1.5
313.40      1.5
313.50      1.5
313.60      1.5
313.70      1.5
313.80      1.5
313.90      1.5
314.00      1.5
314.10      1.5
314.20      1.5
314.30      1.5
314.40      1.5
314.50      1.5
314.60      1.5
314.70      1.5
314.80      1.5
314.90      1.5
315.00      1.5
315.10      1.5
315.20      1.5
315.30      1.5
315.40      1.5
315.50      1.5
315.60      1.5
315.70      1.5
315.80      1.5
315.90      1.5
316.00      1.5
316.10      1.5
316.20      1.5
316.30      1.5
316.40      1.5
316.50      1.5
316.60      1.5
316.70      1.5
316.80      1.5
316.90      1.5
317.00      1.5
317.10      1.5
317.20      1.5
317.30      1.5
317.40      1.5
317.50      1.5
317.60      1.5
317.70      1.5
317.80      1.5
317.90      1.5
318.00      1.5
318.10      1.5
318.20      1.5
318.30      1.5
318.40      1.5
318.50      1.5
318.60      1.5
318.70      1.5
318.80      1.5
318.90      1.5
319.00      1.5
319.10      1.5
319.20      1.5
319.30      1.5
319.40      1.5
319.50      1.5
319.60      1.5
319.70      1.5
319.80      1.5
319.90      1.5
320.00      1.5
320.10      1.5
320.20      1.5
320.30      1.5
320.40      1.5
320.50      1.5
320.60      1.5
320.70      1.5
320.80      1.5
320.90      1.5
321.00      1.5
321.10      1.5
321.20      1.5
321.30      1.5
321.40      1.5
321.50      1.5
321.60      1.5
321.70      1.5
321.80      1.5
321.90      1.5
322.00      1.5
322.10      1.5
322.20      1.5
322.30      1.5
322.40      1.5
322.50      1.5
322.60      1.5
322.70      1.5
322.80      1.5
322.90      1.5
323.00      1.5
323.10      1.5
323.20      1.5
323.30      1.5
323.40      1.5
323.50      1.5
323.60      1.5
323.70      1.5
323.80      1.5
323.90      1.5
324.00      1.5
324.10      1.5
324.20      1.5
324.30      1.5
324.40      1.5
324.50      1.5
324.60      1.5
324.70      1.5
324.80      1.5
324.90      1.5
325.00      1.5
325.10      1.5
325.20      1.5
325.30      1.5
325.40      1.5
325.50      1.5
325.60      1.5
325.70      1.5
325.80      1.5
325.90      1.5
326.00      1.5
326.10      1.5
326.20      1.5
326.30      1.5
326.40      1.5
326.50      1.5
326.60      1.5
326.70      1.5
326.80      1.5
326.90      1.5
327.00      1.5
327.10      1.5
327.20      1.5
327.30      1.5
327.40      1.5
327.50      1.5
327.60      1.5
327.70      1.5
327.80      1.5
327.90      1.5
328.00      1.5
328.10      1.5
328.20      1.5
328.30      1.5
328.40      1.5
328.50      1.5
328.60      1.5
328.70      1.5
328.80      1.5
328.90      1.5
329.00      1.5
329.10      1.5
329.20      1.5
329.30      1.5
329.40      1.5
329.50      1.5
329.60      1.5
329.70      1.5
329.80      1.5
329.90      1.5
330.00      1.5
330.10      1.5
330.20      1.5
330.30      1.5
330.40      1.5
330.50      1.5
330.60      1.5
330.70      1.5
330.80      1.5
330.90      1.5
331.00      1.5
331.10      1.5
331.20      1.5
331.30      1.5
331.40      1.5
331.50      1.5
331.60      1.5
331.70      1.5
331.80      1.5
331.90      1.5
332.00      1.5
332.10      1.5
332.20      1.5
332.30      1.5
332.40      1.5
332.50      1.5
332.60      1.5
332.70      1.5
332.80      1.5
332.90      1.5
333.00      1.5
333.10      1.5
333.20      1.5
333.30      1.5
333.40      1.5
333.50      1.5
333.60      1.5
333.70      1.5
333.80      1.5
333.90      1.5
334.00      1.5
334.10      1.5
334.20      1.5
334.30      1.5
334.40      1.5
334.50      1.5
334.60      1.5
334.70      1.5
334.80      1.5
334.90      1.5
335.00      1.5
335.10      1.5
335.20      1.5
335.30      1.5
335.40      1.5
335.50      1.5
335.60      1.5
335.70      1.5
335.80      1.5
335.90      1.5
336.00      1.5
336.10      1.5
336.20      1.5
336.30      1.5
336.40      1.5
336.50      1.5
336.60      1.5
336.70      1.5
336.80      1.5
336.90      1.5
337.00      1.5
337.10      1.5
337.20      1.5
337.30      1.5
337.40      1.5
337.50      1.5
337.60      1.5
337.70      1.5
337.80      1.5
337.90      1.5
338.00      1.5
338.10      1.5
338.20      1.5
338.30      1.5
338.40      1.5
338.50      1.5
338.60      1.5
338.70      1.5
338.80      1.5
338.90      1.5
339.00      1.5
339.10      1.5
339.20      1.5
339.30      1.5
339.40      1.5
339.50      1.5
339.60      1.5
339.70      1.5
339.80      1.5
339.90      1.5
340.00      1.5
340.10      1.5
340.20      1.5
340.30      1.5
340.40      1.5
340.50      1.5
340.60      1.5
340.70      1.5
340.80      1.5
340.90      1.5
341.00      1.5
341.10      1.5
341.20      1.5
341.30      1.5
341.40      1.5
341.50      1.5
341.60      1.5
341.70      1.5
341.80      1.5
341.90      1.5
342.00      1.5
342.10      1.5
342.20      1.5
342.30      1.5
342.40      1.5
342.50      1.5
342.60      1.5
342.70      1.5
342.80      1.5
342.90      1.5
343.00      1.5
343.10      1.5
343.20      1.5
343.30      1.5
343.40      1.5
343.50      1.5
343.60      1.5
343.70      1.5
343.80      1.5
343.90      1.5
344.00      1.5
344.10      1.5
344.20      1.5
344.30      1.5
344.40      1.5
344.50      1.5
344.60      1.5
344.70      1.5
344.80      1.5
344.90      1.5
345.00      1.5
345.10      1.5
345.20      1.5
345.30      1.5
345.40      1.5
345.50      1.5
345.60      1.5
345.70      1.5
345.80      1.5
345.90      1.5
346.00      1.5
346.10      1.5
346.20      1.5
346.30      1.5
346.40      1.5
346.50      1.5
346.60      1.5
346.70      1.5
346.80      1.5
346.90      1.5
347.00      1.5
347.10      1.5
347.20      1.5
347.30      1.5
347.40      1.5
347.50      1.5
347.60      1.5
347.70      1.5
347.80      1.5
347.90      1.5
348.00      1.5
348.10      1.5
348.20      1.5
348.30      1.5
348.40      1.5
348.50      1.5
348.60      1.5
348.70      1.5
348.80      1.5
348.90      1.5
349.00      1.5
349.10      1.5
349.20      1.5
349.30      1.5
349.40      1.5
349.50      1.5
349.60      1.5
349.70      1.5
349.80      1.5
349.90      1.5
350.00      1.5
350.10      1.5
350.20      1.5
350.30      1.5
350.40      1.5
350.50      1.5
350.60      1.5
350.70      1.5
350.80      1.5
350.90      1.5
351.00      1.5
351.10      1.5
351.20      1.5
351.30      1.5
351.40      1.5
351.50      1.5
351.60      1.5
351.70      1.5
351.80      1.5
351.90      1.5
352.00      1.5
352.10      1.5
352.20      1.5
352.30      1.5
352.40      1.5
352.50      1.5
352.60      1.5
352.70      1.5
352.80      1.5
352.90      1.5
353.00      1.5
353.10      1.5
353.20      1.5
353.30      1.5
353.40      1.5
353.50      1.5
353.60      1.5
353.70      1.5
353.80      1.5
353.90      1.5
354.00      1.5
354.10      1.5
354.20      1.5
354.30      1.5
354.40      1.5
354.50      1.5
354.60      1.5
354.70      1.5
354.80      1.5
354.90      1.5
355.00      1.5
355.10      1.5
355.20      1.5
355.30      1.5
355.40      1.5
355.50      1.5
355.60      1.5
355.70      1.5
355.80      1.5
355.90      1.5
356.00      1.5
356.10      1.5
356.20      1.5
356.30      1.5
356.40      1.5
356.50      1.5
356.60      1.5
356.70      1.5
356.80      1.5
356.90      1.5
357.00      1.5
357.10      1.5
357.20      1.5
357.30      1.5
357.40      1.5
357.50      1.5
357.60      1.5
357.70      1.5
357.80      1.5
357.90      1.5
358.00      1.5
358.10      1.5
358.20      1.5
358.30      1.5
358.40      1.5
358.50      1.5
358.60      1.5
358.70      1.5
358.80      1.5
358.90      1.5
359.00      1.5
359.10      1.5
359.20      1.5
359.30      1.5
359.40      1.5
359.50      1.5
359.60      1.5
359.70      1.5
359.80      1.5
359.90      1.5
360.00      1.5
360.10      1.5
360.20      1.5
360.30      1.5
360.40      1.5
360.50      1.5
360.60      1.5
360.70      1.5
360.80      1.5
360.90      1.5
361.00      1.5
361.10      1.5
361.20      1.5
361.30      1.5
361.40      1.5
361.50      1.5
361.60      1.5
361.70      1.5
361.80      1.5
361.90      1.5
362.00      1.5
362.10      1.5
362.20      1.5
362.30      1.5
362.40      1.5
362.50      1.5
362.60      1.5
362.70      1.5
362.80      1.5
362.90      1.5
363.00      1.5
363.10      1.5
363.20      1.5
363.30      1.5
363.40      1.5
363.50      1.5
363.60      1.5
363.70      1.5
363.80      1.5
363.90      1.5
364.00      1.5
364.10      1.5
364.20      1.5
364.30      1.5
364.40      1.5
364.50      1.5
364.60      1.5
364.70      1.5
364.80      1.5
364.90      1.5
365.00      1.5
365.10      1.5
365.20      1.5
365.30      1.5
365.40      1.5
365.50      1.5
365.60      1.5
365.70      1.5
365.80      1.5
365.90      1.5
366.00      1.5
366.10      1.5
366.20      1.5
366.30      1.5
366.40      1.5
366.50      1.5
366.60      1.5
366.70      1.5
366.80      1.5
366.90      1.5
367.00      1.5
367.10      1.5
367.20      1.5
367.30      1.5
367.40      1.5
367.50      1.5
367.60      1.5
367.70      1.5
367.80      1.5
367.90      1.5
368.00      1.5
368.10      1.5
368.20      1.5
368.30      1.5
368.40      1.5
368.50      1.5
368.60      1.5
368.70      1.5
368.80      1.5
368.90      1.5
369.00      1.5
369.10      1.5
369.20      1.5
369.30      1.5
369.40      1.5
369.50      1.5
369.60      1.5
369.70      1.5
369.80      1.5
369.90      1.5
370.00      1.5
370.10      1.5
370.20      1.5
370.30      1.5
370.40      1.5
370.50      1.5
370.60      1.5
370.70      1.5
370.80      1.5
370.90      1.5
371.00      1.5
371.10      1.5
371.20      1.5
371.30      1.5
371.40      1.5
371.50      1.5
371.60      1.5
371.70      1.5
371.80      1.5
371.90      1.5
372.00      1.5
372.10      1.5
372.20      1.5
372.30      1.5
372.40      1.5
372.50      1.5
372.60      1.5
372.70      1.5
372.80      1.5
372.90      1.5
373.00      1.5
373.10      1.5
373.20      1.5
373.30      1.5
373.40      1.5
373.50      1.5
373.60      1.5
373.70      1.5
373.80      1.5
373.90      1.5
374.00      1.5
374.10      1.5
374.20      1.5
374.30      1.5
374.40      1.5
374.50      1.5
374.60      1.5
374.70      1.5
374.80      1.5
374.90      1.5
375.00      1.5
375.10      1.5
375.20      1.5
375.30      1.5
375.40      1.5
375.50      1.5
375.60      1.5
375.70      1.5
375.80      1.5
375.90      1.5
376.00      1.5
376.10      1.5
376.20      1.5
376.30      1.5
376.40      1.5
376.50      1.5
376.60      1.5
376.70      1.5
376.80      1.5
376.90      1.5
377.00      1.5
377.10      1.5
377.20      1.5
377.30      1.5
377.40      1.5
377.50      1.5
377.60      1.5
377.70      1.5
377.80      1.5
377.90      1.5
378.00      1.5
378.10      1.5
378.20      1.5
378.30      1.5
378.40      1.5
378.50      1.5
378.60      1.5
378.70      1.5
378.80      1.5
378.90      1.5
379.00      1.5
379.10      1.5
379.20      1.5
379.30      1.5
379.40      1.5
379.50      1.5
379.60      1.5
379.70      1.5
379.80      1.5
379.90      1.5
380.00      1.5
380.10      1.5
380.20      1.5
380.30      1.5
380.40      1.5
380.50      1.5
380.60      1.5
380.70      1.5
380.80      1.5
380.90      1.5
381.00      1.5
381.10      1.5
381.20      1.5
381.30      1.5
381.40      1.5
381.50      1.5
381.60      1.5
381.70      1.5
381.80      1.5
381.90      1.5
382.00      1.5
382.10      1.5
382.20      1.5
382.30      1.5
382.40      1.5
382.50      1.5
382.60      1.5
382.70      1.5
382.80      1.5
382.90      1.5
383.00      1.5
383.10      1.5
383.20      1.5
383.30      1.5
383.40      1.5
383.50      1.5
383.60      1.5
383.70      1.5
383.80      1.5
383.90      1.5
384.00      1.5
384.10      1.5
384.20      1.5
384.30      1.5
384.40      1.5
384.50      1.5
384.60      1.5
384.70      1.5
384.80      1.5
384.90      1.5
385.00      1.5
385.10      1.5
385.20      1.5
385.30      1.5
385.40      1.5
385.50      1.5
385.60      1.5
385.70      1.5
385.80      1.5
385.90      1.5
386.00      1.5
386.10      1.5
386.20      1.5
386.30      1.5
386.40      1.5
386.50      1.5
386.60      1.5
386.70      1.5
386.80      1.5
386.90      1.5
387.00      1.5
387.10      1.5
387.20      1.5
387.30      1.5
387.40      1.5
387.50      1.5
387.60      1.5
387.70      1.5
387.80      1.5
387.90      1.5
388.00      1.5
388.10      1.7
388.20      1.5
388.30      1.7
388.40      1.5
388.50      1.7
388.60      1.5
388.70      1.7
388.80      1.5
388.90      1.7
389.00      1.5
389.10      1.7
389.20      1.5
389.30      1.7
389.40      1.5
389.50      1.7
389.60      1.5
389.70      1.7
389.80      1.5
389.90      1.7
390.00      1.5
390.10      1.7
390.20      1.5
390.30      1.7
390.40      1.7
390.50      1.7
390.60      1.7
390.70      1.7
390.80      1.7
390.90      1.7
391.00      1.7
391.10      1.7
391.20      1.7
391.30      1.7
391.40      1.7
391.50      1.7
391.60      1.7
391.70      1.7
391.80      1.7
391.90      1.7
392.00      1.7
392.10      1.7
392.20      1.7
392.30      1.7
392.40      1.7
392.50      1.7
392.60      1.7
392.70      1.7
392.80      1.7
392.90      1.7
393.00      1.7
393.10      1.7
393.20      1.7
393.30      1.7
393.40      1.7
393.50      1.7
393.60      1.7
393.70      1.7
393.80      1.7
393.90      1.7
394.00      1.7
394.10      1.7
394.20      1.7
394.30      1.7
394.40      1.7
394.50      1.7
394.60      1.7
394.70      1.7
394.80      1.7
394.90      1.7
395.00      1.7
395.10      2.0
395.20      2.0
395.30      2.0
395.40      2.0
395.50      2.0
395.60      2.0
395.70      2.0
395.80      2.0
395.90      2.0
396.00      2.0
396.10      2.0
396.20      2.0
396.30      2.0
396.40      2.0
396.50      2.0
396.60      2.0
396.70      2.0
396.80      2.0
396.90      2.2
397.00      2.0
397.10      2.2
397.20      2.0
397.30      2.2
397.40      2.2
397.50      2.2
397.60      2.2
397.70      2.2
397.80      2.2
397.90      2.2
398.00      2.2
398.10      2.2
398.20      2.2
398.30      2.4
398.40      2.2
398.50      2.4
398.60      2.4
398.70      2.4
398.80      2.4
398.90      2.4
399.00      2.4
399.10      2.4
399.20      2.4
399.30      2.7
399.40      2.7
399.50      2.7
399.60      2.7
399.70      2.7
399.80      2.7
399.90      2.7
400.00      2.7
400.10      2.9
400.20      2.9
400.30      2.9
400.40      2.9
400.50      2.9
400.60      2.9
400.70      3.2
400.80      3.2
400.90      3.2
401.00      3.2
401.10      3.2
401.20      3.2
401.30      3.4
401.40      3.4
401.50      3.4
401.60      3.4
401.70      3.7
401.80      3.7
401.90      3.7
402.00      3.7
402.10      3.9
402.20      3.9
402.30      3.9
402.40      3.9
402.50      4.2
402.60      4.2
402.70      4.2
402.80      4.4
402.90      4.4
403.00      4.4
403.10      4.6
403.20      4.6
403.30      4.6
403.40      4.6
403.50      4.9
403.60      4.9
403.70      4.9
403.80      5.1
403.90      5.1
404.00      5.4
404.10      5.4
404.20      5.4
404.30      5.6
404.40      5.6
404.50      5.9
404.60      5.9
404.70      6.1
404.80      6.1
404.90      6.1
405.00      6.3
405.10      6.3
405.20      6.3
405.30      6.6
405.40      6.6
405.50      6.8
405.60      6.8
405.70      7.1
405.80      7.1
405.90      7.3
406.00      7.3
406.10      7.6
406.20      7.6
406.30      7.8
406.40      8.1
406.50      8.1
406.60      8.3
406.70      8.3
406.80      8.5
406.90      8.8
407.00      8.8
407.10      9.0
407.20      9.0
407.30      9.3
407.40      9.5
407.50      9.5
407.60      9.8
407.70      10.0
407.80      10.0
407.90      10.3
408.00      10.5
408.10      10.5
408.20      10.7
408.30      11.0
408.40      11.2
408.50      11.2
408.60      11.5
408.70      11.7
408.80      12.0
408.90      12.2
409.00      12.2
409.10      12.5
409.20      12.7
409.30      12.9
409.40      13.2
409.50      13.4
409.60      13.7
409.70      13.9
409.80      13.9
409.90      14.4
410.00      14.4
410.10      14.9
410.20      15.1
410.30      15.4
410.40      15.6
410.50      15.9
410.60      16.1
410.70      16.4
410.80      16.6
410.90      17.1
411.00      17.3
411.10      17.6
411.20      17.8
411.30      18.3
411.40      18.6
411.50      18.8
411.60      19.3
411.70      19.5
411.80      20.0
411.90      20.3
412.00      20.8
412.10      21.2
412.20      21.5
412.30      22.0
412.40      22.2
412.50      22.7
412.60      23.2
412.70      23.7
412.80      24.2
412.90      24.7
413.00      25.2
413.10      25.6
413.20      26.1
413.30      26.6
413.40      27.1
413.50      27.6
413.60      28.1
413.70      28.8
413.80      29.3
413.90      29.8
414.00      30.3
414.10      31.0
414.20      31.5
414.30      32.2
414.40      32.7
414.50      33.5
414.60      33.9
414.70      34.7
414.80      35.4
414.90      35.9
415.00      36.6
415.10      37.4
415.20      38.1
415.30      38.8
415.40      39.6
415.50      40.3
415.60      41.0
415.70      41.8
415.80      42.5
415.90      43.5
416.00      44.2
416.10      44.9
416.20      45.7
416.30      46.6
416.40      47.4
416.50      48.4
416.60      49.1
416.70      50.1
416.80      50.8
416.90      51.8
417.00      52.7
417.10      53.7
417.20      54.5
417.30      55.4
417.40      56.4
417.50      57.4
417.60      58.4
417.70      59.3
417.80      60.3
417.90      61.3
418.00      62.5
418.10      63.5
418.20      64.5
418.30      65.7
418.40      66.9
418.50      68.1
418.60      69.1
418.70      70.3
418.80      71.3
418.90      72.5
419.00      73.5
419.10      75.0
419.20      75.9
419.30      77.2
419.40      78.4
419.50      79.4
419.60      80.3
419.70      81.6
419.80      82.8
419.90      84.0
420.00      85.2
420.10      86.7
420.20      87.9
420.30      89.1
420.40      90.4
420.50      91.6
420.60      92.8
420.70      94.3
420.80      95.5
420.90      96.7
421.00      97.9
421.10      99.4
421.20      100.6
421.30      101.8
421.40      103.3
421.50      104.5
421.60      105.7
421.70      107.2
421.80      108.4
421.90      109.9
422.00      111.1
422.10      112.6
422.20      113.8
422.30      115.3
422.40      116.7
422.50      118.2
422.60      119.7
422.70      121.1
422.80      122.6
422.90      124.1
423.00      125.5
423.10      127.0
423.20      128.7
423.30      130.2
423.40      131.9
423.50      133.3
423.60      135.0
423.70      136.5
423.80      138.2
423.90      139.7
424.00      141.4
424.10      142.9
424.20      144.6
424.30      146.0
424.40      147.7
424.50      149.5
424.60      150.9
424.70      152.6
424.80      154.3
424.90      156.0
425.00      157.5
425.10      159.2
425.20      160.9
425.30      162.6
425.40      164.3
425.50      166.3
425.60      168.0
425.70      169.7
425.80      171.4
425.90      173.4
426.00      175.1
426.10      177.0
426.20      178.8
426.30      180.7
426.40      182.7
426.50      184.9
426.60      186.8
426.70      188.8
426.80      191.0
426.90      192.9
427.00      195.1
427.10      197.3
427.20      199.5
427.30      201.7
427.40      203.9
427.50      206.1
427.60      208.5
427.70      211.0
427.80      213.2
427.90      215.6
428.00      218.1
428.10      220.8
428.20      223.2
428.30      225.6
428.40      228.3
428.50      230.8
428.60      233.5
428.70      236.1
428.80      238.8
428.90      241.5
429.00      244.2
429.10      246.9
429.20      249.6
429.30      252.5
429.40      255.2
429.50      258.1
429.60      261.1
429.70      264.0
429.80      266.9
429.90      269.6
430.00      272.8
430.10      275.7
430.20      278.6
430.30      281.6
430.40      284.5
430.50      287.7
430.60      290.6
430.70      293.5
430.80      296.7
430.90      299.9
431.00      303.1
431.10      306.5
431.20      309.6
431.30      313.1
431.40      316.2
431.50      319.7
431.60      322.8
431.70      326.3
431.80      329.4
431.90      332.6
432.00      336.0
432.10      339.2
432.20      342.6
432.30      345.8
432.40      349.0
432.50      352.1
432.60      355.3
432.70      358.5
432.80      361.7
432.90      364.8
433.00      368.3
433.10      371.4
433.20      374.6
433.30      378.0
433.40      381.2
433.50      384.6
433.60      387.8
433.70      391.5
433.80      394.6
433.90      397.8
434.00      401.2
434.10      404.9
434.20      408.5
434.30      412.2
434.40      416.4
434.50      420.0
434.60      423.7
434.70      427.4
434.80      431.0
434.90      434.7
435.00      438.1
435.10      442.0
435.20      445.4
435.30      449.1
435.40      452.3
435.50      455.7
435.60      459.1
435.70      462.3
435.80      465.4
435.90      469.4
436.00      472.8
436.10      476.4
436.20      479.9
436.30      483.3
436.40      486.7
436.50      490.4
436.60      493.8
436.70      497.2
436.80      500.6
436.90      504.0
437.00      507.4
437.10      510.9
437.20      514.3
437.30      517.7
437.40      521.1
437.50      524.8
437.60      528.4
437.70      531.9
437.80      535.5
437.90      538.9
438.00      542.9
438.10      546.5
438.20      550.2
438.30      554.1
438.40      558.0
438.50      561.9
438.60      565.8
438.70      569.7
438.80      573.9
438.90      577.8
439.00      581.9
439.10      586.1
439.20      590.2
439.30      594.4
439.40      598.5
439.50      602.7
439.60      606.6
439.70      610.7
439.80      615.1
439.90      619.3
440.00      623.4
440.10      627.6
440.20      631.7
440.30      635.9
440.40      640.0
440.50      644.2
440.60      648.1
440.70      651.8
440.80      654.9
440.90      658.4
441.00      662.8
441.10      667.6
441.20      672.5
441.30      676.9
441.40      680.6
441.50      684.0
441.60      687.2
441.70      690.8
441.80      694.5
441.90      698.7
442.00      703.1
442.10      707.2
442.20      711.6
442.30      716.2
442.40      720.6
442.50      725.0
442.60      729.4
442.70      733.8
442.80      738.5
442.90      742.9
443.00      747.3
443.10      751.6
443.20      756.0
443.30      760.2
443.40      764.6
443.50      769.0
443.60      773.1
443.70      777.3
443.80      781.4
443.90      785.3
444.00      789.3
444.10      793.4
444.20      797.1
444.30      800.5
444.40      804.2
444.50      807.6
444.60      811.2
444.70      814.4
444.80      817.6
444.90      820.5
445.00      823.7
445.10      826.1
445.20      829.1
445.30      831.5
445.40      834.2
445.50      836.4
445.60      838.8
445.70      840.8
445.80      843.0
445.90      844.7
446.00      846.4
446.10      847.9
446.20      849.6
446.30      850.8
446.40      852.0
446.50      852.7
446.60      853.7
446.70      854.5
446.80      854.9
446.90      854.9
447.00      855.2
447.10      854.9
447.20      854.9
447.30      854.2
447.40      853.5
447.50      852.5
447.60      851.3
447.70      849.8
447.80      848.1
447.90      846.2
448.00      844.0
448.10      841.5
448.20      838.8
448.30      836.1
448.40      833.0
448.50      829.5
448.60      826.1
448.70      822.2
448.80      818.6
448.90      814.4
449.00      810.3
449.10      805.9
449.20      801.5
449.30      796.6
449.40      791.9
449.50      786.6
449.60      781.7
449.70      775.8
449.80      770.9
449.90      765.6
450.00      760.0
450.10      753.8
450.20      747.7
450.30      741.4
450.40      735.0
450.50      728.2
450.60      722.3
450.70      715.8
450.80      709.6
450.90      702.8
451.00      696.7
451.10      689.9
451.20      684.0
451.30      677.4
451.40      671.1
451.50      665.2
451.60      658.6
451.70      652.5
451.80      646.9
451.90      640.0
452.00      633.7
452.10      627.1
452.20      621.2
452.30      614.9
452.40      608.8
452.50      602.2
452.60      595.8
452.70      589.3
452.80      582.9
452.90      576.6
453.00      570.2
453.10      563.9
453.20      557.8
453.30      551.2
453.40      545.1
453.50      538.9
453.60      533.1
453.70      527.0
453.80      521.1
453.90      515.3
454.00      509.4
454.10      503.5
454.20      497.9
454.30      492.3
454.40      486.9
454.50      481.6
454.60      476.2
454.70      471.1
454.80      465.9
454.90      461.1
455.00      456.2
455.10      451.3
455.20      446.4
455.30      441.8
455.40      437.1
455.50      432.7
455.60      428.1
455.70      423.7
455.80      419.3
455.90      415.1
456.00      411.0
456.10      406.8
456.20      402.9
456.30      398.8
456.40      395.1
456.50      391.2
456.60      387.5
456.70      383.6
456.80      380.2
456.90      376.6
457.00      373.1
457.10      369.7
457.20      366.3
457.30      362.9
457.40      359.5
457.50      356.0
457.60      352.9
457.70      349.7
457.80      346.5
457.90      343.3
458.00      340.2
458.10      337.0
458.20      333.8
458.30      330.6
458.40      328.0
458.50      324.8
458.60      321.9
458.70      318.9
458.80      316.2
458.90      313.3
459.00      310.6
459.10      307.9
459.20      305.3
459.30      302.6
459.40      299.9
459.50      297.4
459.60      294.7
459.70      292.3
459.80      289.9
459.90      287.2
460.00      285.0
460.10      282.5
460.20      280.1
460.30      277.7
460.40      275.5
460.50      273.0
460.60      270.8
460.70      268.4
460.80      266.2
460.90      264.0
461.00      261.8
461.10      259.6
461.20      257.4
461.30      255.4
461.40      253.2
461.50      251.0
461.60      249.1
461.70      246.9
461.80      244.7
461.90      242.7
462.00      240.5
462.10      238.6
462.20      236.6
462.30      234.4
462.40      232.5
462.50      230.5
462.60      228.6
462.70      226.6
462.80      224.7
462.90      222.5
463.00      220.5
463.10      218.6
463.20      216.6
463.30      214.4
463.40      212.5
463.50      210.5
463.60      208.5
463.70      206.3
463.80      204.4
463.90      202.4
464.00      200.7
464.10      198.8
464.20      196.8
464.30      194.9
464.40      193.2
464.50      191.5
464.60      189.7
464.70      187.8
464.80      186.1
464.90      184.4
465.00      182.7
465.10      181.0
465.20      179.2
465.30      177.5
465.40      175.8
465.50      174.1
465.60      172.4
465.70      170.7
465.80      169.2
465.90      167.5
466.00      165.8
466.10      164.3
466.20      162.6
466.30      160.7
466.40      159.0
466.50      157.3
466.60      155.6
466.70      153.8
466.80      152.4
466.90      150.7
467.00      149.2
467.10      147.5
467.20      146.0
467.30      144.6
467.40      143.1
467.50      141.6
467.60      140.2
467.70      138.7
467.80      137.5
467.90      136.0
468.00      134.8
468.10      133.3
468.20      132.1
468.30      130.9
468.40      129.7
468.50      128.4
468.60      127.2
468.70      126.0
468.80      124.8
468.90      123.6
469.00      122.3
469.10      121.4
469.20      120.1
469.30      119.2
469.40      117.9
469.50      117.0
469.60      115.8
469.70      114.8
469.80      113.8
469.90      112.6
470.00      111.6
470.10      110.6
470.20      109.6
470.30      108.7
470.40      107.7
470.50      107.0
470.60      106.0
470.70      105.0
470.80      104.0
470.90      103.3
471.00      102.3
471.10      101.6
471.20      100.9
471.30      99.9
471.40      99.1
471.50      98.4
471.60      97.4
471.70      96.7
471.80      96.0
471.90      95.2
472.00      94.5
472.10      93.8
472.20      93.0
472.30      92.3
472.40      91.8
472.50      91.1
472.60      90.4
472.70      89.6
472.80      89.1
472.90      88.4
473.00      87.9
473.10      87.2
473.20      86.7
473.30      86.0
473.40      85.5
473.50      85.0
473.60      84.2
473.70      83.8
473.80      83.3
473.90      82.8
474.00      82.3
474.10      81.8
474.20      81.3
474.30      80.6
474.40      80.1
474.50      79.9
474.60      79.4
474.70      78.9
474.80      78.4
474.90      77.9
475.00      77.4
475.10      76.9
475.20      76.7
475.30      76.2
475.40      75.7
475.50      75.5
475.60      75.0
475.70      74.7
475.80      74.2
475.90      73.7
476.00      73.5
476.10      73.0
476.20      72.8
476.30      72.5
476.40      72.0
476.50      71.8
476.60      71.3
476.70      71.1
476.80      70.8
476.90      70.3
477.00      70.1
477.10      69.8
477.20      69.4
477.30      69.1
477.40      68.9
477.50      68.6
477.60      68.1
477.70      67.9
477.80      67.6
477.90      67.4
478.00      67.2
478.10      66.9
478.20      66.7
478.30      66.4
478.40      66.2
478.50      65.9
478.60      65.7
478.70      65.4
478.80      65.2
478.90      65.0
479.00      65.0
479.10      64.7
479.20      64.5
479.30      64.2
479.40      64.0
479.50      64.0
479.60      63.7
479.70      63.5
479.80      63.5
479.90      63.2
480.00      63.0
480.10      63.0
480.20      62.8
480.30      62.8
480.40      62.5
480.50      62.5
480.60      62.3
480.70      62.3
480.80      62.0
480.90      62.0
481.00      62.0
481.10      61.8
481.20      61.8
481.30      61.8
481.40      61.5
481.50      61.5
481.60      61.5
481.70      61.3
481.80      61.3
481.90      61.3
482.00      61.3
482.10      61.1
482.20      61.1
482.30      61.1
482.40      61.1
482.50      61.1
482.60      60.8
482.70      60.8
482.80      60.8
482.90      60.8
483.00      60.8
483.10      60.8
483.20      60.8
483.30      60.8
483.40      60.8
483.50      60.8
483.60      60.8
483.70      60.8
483.80      60.8
483.90      61.1
484.00      61.1
484.10      61.1
484.20      61.1
484.30      61.1
484.40      61.1
484.50      61.3
484.60      61.3
484.70      61.3
484.80      61.5
484.90      61.5
485.00      61.5
485.10      61.8
485.20      61.8
485.30      62.0
485.40      62.0
485.50      62.3
485.60      62.3
485.70      62.5
485.80      62.5
485.90      62.8
486.00      63.0
486.10      63.0
486.20      63.2
486.30      63.5
486.40      63.5
486.50      63.7
486.60      64.0
486.70      64.2
486.80      64.2
486.90      64.5
487.00      64.7
487.10      64.7
487.20      65.0
487.30      65.2
487.40      65.4
487.50      65.7
487.60      65.9
487.70      66.2
487.80      66.2
487.90      66.4
488.00      66.7
488.10      66.9
488.20      67.2
488.30      67.4
488.40      67.6
488.50      68.1
488.60      68.1
488.70      68.6
488.80      68.9
488.90      69.1
489.00      69.4
489.10      69.6
489.20      69.8
489.30      70.3
489.40      70.6
489.50      70.8
489.60      71.3
489.70      71.6
489.80      71.8
489.90      72.3
490.00      72.5
490.10      72.8
490.20      73.3
490.30      73.5
490.40      74.0
490.50      74.2
490.60      74.7
490.70      75.2
490.80      75.5
490.90      75.9
491.00      76.4
491.10      76.7
491.20      77.2
491.30      77.7
491.40      78.1
491.50      78.6
491.60      79.1
491.70      79.6
491.80      80.1
491.90      80.6
492.00      81.1
492.10      81.6
492.20      82.1
492.30      82.5
492.40      83.0
492.50      83.8
492.60      84.2
492.70      84.7
492.80      85.2
492.90      86.0
493.00      86.7
493.10      87.2
493.20      87.7
493.30      88.4
493.40      88.9
493.50      89.6
493.60      90.1
493.70      90.8
493.80      91.6
493.90      92.3
494.00      92.8
494.10      93.5
494.20      94.3
494.30      95.0
494.40      95.5
494.50      96.2
494.60      96.9
494.70      97.7
494.80      98.4
494.90      99.1
495.00      99.9
495.10      100.6
495.20      101.3
495.30      102.1
495.40      102.8
495.50      103.8
495.60      104.5
495.70      105.3
495.80      106.0
495.90      106.7
496.00      107.4
496.10      108.4
496.20      109.2
496.30      109.9
496.40      110.9
496.50      111.6
496.60      112.3
496.70      113.3
496.80      114.0
496.90      114.8
497.00      115.8
497.10      116.5
497.20      117.5
497.30      118.2
497.40      118.9
497.50      119.9
497.60      120.6
497.70      121.6
497.80      122.6
497.90      123.3
498.00      124.1
498.10      125.0
498.20      126.0
498.30      127.0
498.40      127.7
498.50      128.7
498.60      129.7
498.70      130.4
498.80      131.4
498.90      132.4
499.00      133.3
499.10      134.3
499.20      135.0
499.30      135.8
499.40      136.8
499.50      137.5
499.60      138.2
499.70      139.2
499.80      140.2
499.90      141.1
500.00      141.9
500.10      142.9
500.20      143.6
500.30      144.6
500.40      145.3
500.50      146.3
500.60      147.0
500.70      148.0
500.80      148.7
500.90      149.7
501.00      150.7
501.10      151.4
501.20      152.1
501.30      153.1
501.40      153.8
501.50      154.8
501.60      155.6
501.70      156.5
501.80      157.5
501.90      158.2
502.00      159.2
502.10      160.0
502.20      160.9
502.30      161.7
502.40      162.6
502.50      163.4
502.60      164.3
502.70      165.3
502.80      166.1
502.90      167.0
503.00      167.8
503.10      168.7
503.20      169.5
503.30      170.2
503.40      171.2
503.50      171.9
503.60      172.9
503.70      173.6
503.80      174.4
503.90      175.3
504.00      176.1
504.10      176.8
504.20      177.8
504.30      178.5
504.40      179.2
504.50      180.0
504.60      181.0
504.70      181.7
504.80      182.7
504.90      183.4
505.00      184.1
505.10      185.1
505.20      185.8
505.30      186.6
505.40      187.5
505.50      188.3
505.60      189.0
505.70      190.0
505.80      190.7
505.90      191.7
506.00      192.4
506.10      193.2
506.20      194.1
506.30      194.9
506.40      195.8
506.50      196.6
506.60      197.6
506.70      198.3
506.80      199.3
506.90      200.0
507.00      201.0
507.10      202.0
507.20      202.7
507.30      203.7
507.40      204.4
507.50      205.4
507.60      206.3
507.70      207.1
507.80      208.1
507.90      209.0
508.00      209.8
508.10      210.7
508.20      211.7
508.30      212.7
508.40      213.4
508.50      214.4
508.60      215.4
508.70      216.4
508.80      217.3
508.90      218.3
509.00      219.0
509.10      220.0
509.20      221.0
509.30      221.7
509.40      222.7
509.50      223.7
509.60      224.7
509.70      225.4
509.80      226.4
509.90      227.4
510.00      228.3
510.10      229.1
510.20      230.0
510.30      231.0
510.40      231.7
510.50      232.7
510.60      233.7
510.70      234.4
510.80      235.4
510.90      236.4
511.00      237.1
511.10      238.1
511.20      239.1
511.30      239.8
511.40      240.8
511.50      241.5
511.60      242.5
511.70      243.5
511.80      244.2
511.90      245.2
512.00      245.9
512.10      246.9
512.20      247.6
512.30      248.6
512.40      249.3
512.50      250.1
512.60      251.0
512.70      251.8
512.80      252.5
512.90      253.5
513.00      254.2
513.10      254.9
513.20      255.7
513.30      256.7
513.40      257.4
513.50      258.1
513.60      258.9
513.70      259.6
513.80      260.6
513.90      261.3
514.00      262.0
514.10      262.8
514.20      263.5
514.30      264.2
514.40      265.0
514.50      265.7
514.60      266.4
514.70      267.2
514.80      267.9
514.90      268.4
515.00      269.1
515.10      269.8
515.20      270.3
515.30      271.1
515.40      271.8
515.50      272.3
515.60      273.0
515.70      273.5
515.80      274.2
515.90      274.7
516.00      275.5
516.10      276.2
516.20      276.7
516.30      277.2
516.40      277.7
516.50      278.4
516.60      278.9
516.70      279.4
516.80      280.1
516.90      280.6
517.00      281.1
517.10      281.8
517.20      282.3
517.30      282.8
517.40      283.3
517.50      283.8
517.60      284.2
517.70      284.7
517.80      285.5
517.90      286.0
518.00      286.4
518.10      286.9
518.20      287.4
518.30      287.9
518.40      288.4
518.50      288.9
518.60      289.4
518.70      289.9
518.80      290.1
518.90      290.6
519.00      291.1
519.10      291.6
519.20      291.8
519.30      292.3
519.40      292.8
519.50      293.3
519.60      293.8
519.70      294.3
519.80      294.5
519.90      295.0
520.00      295.2
520.10      295.7
520.20      296.2
520.30      296.5
520.40      296.9
520.50      297.2
520.60      297.7
520.70      297.9
520.80      298.4
520.90      298.7
521.00      299.1
521.10      299.4
521.20      299.9
521.30      300.1
521.40      300.6
521.50      300.9
521.60      301.1
521.70      301.6
521.80      301.8
521.90      302.1
522.00      302.6
522.10      302.8
522.20      303.1
522.30      303.5
522.40      303.8
522.50      304.0
522.60      304.5
522.70      304.8
522.80      305.0
522.90      305.3
523.00      305.7
523.10      306.0
523.20      306.2
523.30      306.5
523.40      306.7
523.50      307.2
523.60      307.4
523.70      307.7
523.80      307.9
523.90      308.2
524.00      308.7
524.10      308.9
524.20      309.2
524.30      309.4
524.40      309.6
524.50      309.9
524.60      310.4
524.70      310.4
524.80      310.9
524.90      311.1
525.00      311.4
525.10      311.6
525.20      311.8
525.30      312.1
525.40      312.3
525.50      312.6
525.60      312.8
525.70      313.1
525.80      313.3
525.90      313.6
526.00      313.8
526.10      314.0
526.20      314.3
526.30      314.5
526.40      314.5
526.50      314.8
526.60      315.0
526.70      315.3
526.80      315.5
526.90      315.8
527.00      316.0
527.10      316.0
527.20      316.2
527.30      316.5
527.40      316.5
527.50      316.7
527.60      317.0
527.70      317.0
527.80      317.2
527.90      317.2
528.00      317.5
528.10      317.7
528.20      317.7
528.30      317.9
528.40      317.9
528.50      318.2
528.60      318.4
528.70      318.4
528.80      318.7
528.90      318.7
529.00      318.9
529.10      318.9
529.20      318.9
529.30      319.2
529.40      319.2
529.50      319.4
529.60      319.4
529.70      319.7
529.80      319.7
529.90      319.7
530.00      319.7
530.10      319.9
530.20      319.9
530.30      320.1
530.40      320.1
530.50      320.1
530.60      320.4
530.70      320.4
530.80      320.4
530.90      320.4
531.00      320.4
531.10      320.6
531.20      320.6
531.30      320.6
531.40      320.6
531.50      320.6
531.60      320.6
531.70      320.6
531.80      320.6
531.90      320.6
532.00      320.6
532.10      320.6
532.20      320.9
532.30      320.9
532.40      320.9
532.50      320.9
532.60      320.9
532.70      320.9
532.80      320.9
532.90      321.1
533.00      321.1
533.10      321.1
533.20      321.1
533.30      321.1
533.40      320.9
533.50      321.1
533.60      320.9
533.70      321.1
533.80      321.1
533.90      321.1
534.00      321.1
534.10      320.9
534.20      320.9
534.30      320.9
534.40      320.9
534.50      320.9
534.60      320.9
534.70      320.6
534.80      320.6
534.90      320.6
535.00      320.6
535.10      320.6
535.20      320.6
535.30      320.6
535.40      320.6
535.50      320.4
535.60      320.4
535.70      320.4
535.80      320.4
535.90      320.1
536.00      320.1
536.10      320.1
536.20      320.1
536.30      319.9
536.40      319.9
536.50      319.9
536.60      319.7
536.70      319.7
536.80      319.7
536.90      319.7
537.00      319.4
537.10      319.4
537.20      319.4
537.30      319.2
537.40      319.2
537.50      319.2
537.60      319.2
537.70      318.9
537.80      318.9
537.90      318.9
538.00      318.9
538.10      318.7
538.20      318.7
538.30      318.4
538.40      318.4
538.50      318.4
538.60      318.4
538.70      318.2
538.80      318.2
538.90      317.9
539.00      317.9
539.10      317.9
539.20      317.7
539.30      317.7
539.40      317.5
539.50      317.5
539.60      317.5
539.70      317.2
539.80      317.2
539.90      317.0
540.00      317.0
540.10      317.0
540.20      316.7
540.30      316.5
540.40      316.5
540.50      316.2
540.60      316.2
540.70      316.0
540.80      316.0
540.90      315.8
541.00      315.8
541.10      315.5
541.20      315.5
541.30      315.3
541.40      315.3
541.50      315.0
541.60      315.0
541.70      314.8
541.80      314.8
541.90      314.5
542.00      314.3
542.10      314.0
542.20      314.0
542.30      313.8
542.40      313.8
542.50      313.6
542.60      313.3
542.70      313.3
542.80      313.1
542.90      313.1
543.00      312.8
543.10      312.8
543.20      312.6
543.30      312.3
543.40      312.3
543.50      312.1
543.60      311.8
543.70      311.6
543.80      311.6
543.90      311.4
544.00      311.1
544.10      311.1
544.20      310.9
544.30      310.6
544.40      310.4
544.50      310.4
544.60      310.1
544.70      309.9
544.80      309.6
544.90      309.6
545.00      309.4
545.10      309.2
545.20      308.9
545.30      308.9
545.40      308.7
545.50      308.4
545.60      308.4
545.70      308.2
545.80      307.9
545.90      307.7
546.00      307.7
546.10      307.4
546.20      307.2
546.30      307.0
546.40      306.7
546.50      306.7
546.60      306.5
546.70      306.2
546.80      306.0
546.90      305.7
547.00      305.7
547.10      305.5
547.20      305.3
547.30      305.0
547.40      305.0
547.50      304.8
547.60      304.5
547.70      304.3
547.80      304.3
547.90      304.0
548.00      303.8
548.10      303.5
548.20      303.3
548.30      303.3
548.40      303.1
548.50      302.8
548.60      302.6
548.70      302.6
548.80      302.3
548.90      302.1
549.00      302.1
549.10      301.8
549.20      301.6
549.30      301.3
549.40      301.1
549.50      301.1
549.60      300.9
549.70      300.6
549.80      300.4
549.90      300.1
550.00      300.1
550.10      299.9
550.20      299.6
550.30      299.4
550.40      299.4
550.50      299.1
550.60      298.9
550.70      298.7
550.80      298.4
550.90      298.4
551.00      298.2
551.10      297.9
551.20      297.7
551.30      297.4
551.40      297.2
551.50      297.2
551.60      296.9
551.70      296.7
551.80      296.7
551.90      296.5
552.00      296.2
552.10      296.0
552.20      295.7
552.30      295.7
552.40      295.5
552.50      295.2
552.60      295.0
552.70      294.7
552.80      294.7
552.90      294.5
553.00      294.3
553.10      294.3
553.20      294.0
553.30      293.8
553.40      293.5
553.50      293.3
553.60      293.0
553.70      293.0
553.80      292.8
553.90      292.6
554.00      292.3
554.10      292.3
554.20      292.1
554.30      291.8
554.40      291.6
554.50      291.3
554.60      291.1
554.70      290.8
554.80      290.6
554.90      290.6
555.00      290.4
555.10      290.1
555.20      289.9
555.30      289.6
555.40      289.4
555.50      289.1
555.60      289.1
555.70      288.9
555.80      288.6
555.90      288.4
556.00      288.2
556.10      287.9
556.20      287.7
556.30      287.4
556.40      287.2
556.50      286.9
556.60      286.7
556.70      286.4
556.80      286.2
556.90      286.0
557.00      285.7
557.10      285.5
557.20      285.2
557.30      285.0
557.40      284.7
557.50      284.5
557.60      284.2
557.70      284.0
557.80      283.8
557.90      283.5
558.00      283.3
558.10      283.0
558.20      282.8
558.30      282.5
558.40      282.3
558.50      282.1
558.60      281.6
558.70      281.3
558.80      281.1
558.90      280.8
559.00      280.6
559.10      280.3
559.20      280.1
559.30      279.9
559.40      279.6
559.50      279.4
559.60      279.1
559.70      278.9
559.80      278.6
559.90      278.4
560.00      278.1
560.10      277.9
560.20      277.7
560.30      277.4
560.40      276.9
560.50      276.7
560.60      276.4
560.70      276.2
560.80      275.9
560.90      275.7
561.00      275.5
561.10      275.2
561.20      275.0
561.30      274.7
561.40      274.5
561.50      274.2
561.60      274.0
561.70      273.7
561.80      273.5
561.90      273.3
562.00      273.0
562.10      272.5
562.20      272.3
562.30      272.0
562.40      271.8
562.50      271.6
562.60      271.3
562.70      271.1
562.80      270.8
562.90      270.6
563.00      270.3
563.10      270.1
563.20      269.8
563.30      269.4
563.40      269.4
563.50      269.1
563.60      268.9
563.70      268.6
563.80      268.4
563.90      268.1
564.00      267.9
564.10      267.4
564.20      267.2
564.30      266.9
564.40      266.7
564.50      266.4
564.60      266.2
564.70      265.9
564.80      265.7
564.90      265.4
565.00      265.2
565.10      265.0
565.20      264.7
565.30      264.5
565.40      264.2
565.50      264.0
565.60      263.7
565.70      263.5
565.80      263.2
565.90      263.0
566.00      262.8
566.10      262.5
566.20      262.3
566.30      262.0
566.40      261.8
566.50      261.5
566.60      261.3
566.70      261.1
566.80      260.8
566.90      260.6
567.00      260.3
567.10      260.1
567.20      259.8
567.30      259.6
567.40      259.1
567.50      258.9
567.60      258.6
567.70      258.4
567.80      258.1
567.90      258.1
568.00      257.6
568.10      257.4
568.20      257.1
568.30      257.1
568.40      256.7
568.50      256.4
568.60      256.2
568.70      255.9
568.80      255.9
568.90      255.7
569.00      255.4
569.10      255.2
569.20      254.9
569.30      254.7
569.40      254.5
569.50      254.2
569.60      254.0
569.70      253.7
569.80      253.5
569.90      253.2
570.00      253.0
570.10      252.7
570.20      252.5
570.30      252.3
570.40      252.0
570.50      251.8
570.60      251.5
570.70      251.3
570.80      251.0
570.90      250.8
571.00      250.5
571.10      250.1
571.20      249.8
571.30      249.6
571.40      249.3
571.50      249.1
571.60      248.8
571.70      248.6
571.80      248.4
571.90      247.9
572.00      247.6
572.10      247.4
572.20      247.1
572.30      246.9
572.40      246.6
572.50      246.4
572.60      245.9
572.70      245.7
572.80      245.4
572.90      244.9
573.00      244.7
573.10      244.4
573.20      244.2
573.30      243.7
573.40      243.5
573.50      243.2
573.60      243.0
573.70      242.7
573.80      242.2
573.90      242.0
574.00      241.8
574.10      241.5
574.20      241.0
574.30      240.8
574.40      240.5
574.50      240.3
574.60      239.8
574.70      239.6
574.80      239.3
574.90      239.1
575.00      238.8
575.10      238.3
575.20      238.1
575.30      237.9
575.40      237.6
575.50      237.1
575.60      236.9
575.70      236.6
575.80      236.4
575.90      235.9
576.00      235.7
576.10      235.2
576.20      234.9
576.30      234.7
576.40      234.2
576.50      233.9
576.60      233.7
576.70      233.5
576.80      233.2
576.90      232.7
577.00      232.5
577.10      232.2
577.20      231.7
577.30      231.5
577.40      231.3
577.50      231.0
577.60      230.5
577.70      230.3
577.80      230.0
577.90      229.5
578.00      229.3
578.10      229.1
578.20      228.8
578.30      228.3
578.40      227.8
578.50      227.6
578.60      227.4
578.70      226.9
578.80      226.6
578.90      226.4
579.00      226.1
579.10      225.6
579.20      225.4
579.30      225.2
579.40      224.9
579.50      224.4
579.60      224.2
579.70      223.9
579.80      223.7
579.90      223.2
580.00      223.0
580.10      222.7
580.20      222.5
580.30      222.2
580.40      222.0
580.50      221.7
580.60      221.2
580.70      221.0
580.80      220.8
580.90      220.5
581.00      220.3
581.10      219.8
581.20      219.5
581.30      219.3
581.40      219.0
581.50      218.6
581.60      218.3
581.70      218.1
581.80      217.8
581.90      217.6
582.00      217.1
582.10      216.8
582.20      216.6
582.30      216.4
582.40      216.1
582.50      215.9
582.60      215.4
582.70      215.1
582.80      214.9
582.90      214.7
583.00      214.4
583.10      214.2
583.20      213.9
583.30      213.4
583.40      213.2
583.50      212.9
583.60      212.7
583.70      212.5
583.80      212.2
583.90      212.0
584.00      211.7
584.10      211.2
584.20      211.0
584.30      210.7
584.40      210.3
584.50      210.0
584.60      209.8
584.70      209.5
584.80      209.3
584.90      209.0
585.00      208.8
585.10      208.5
585.20      208.3
585.30      207.8
585.40      207.6
585.50      207.3
585.60      207.1
585.70      206.8
585.80      206.6
585.90      206.3
586.00      205.9
586.10      205.6
586.20      205.4
586.30      205.1
586.40      204.9
586.50      204.6
586.60      204.2
586.70      203.9
586.80      203.7
586.90      203.4
587.00      203.2
587.10      202.7
587.20      202.4
587.30      202.2
587.40      202.0
587.50      201.5
587.60      201.2
587.70      201.0
587.80      200.7
587.90      200.5
588.00      200.0
588.10      199.8
588.20      199.5
588.30      199.0
588.40      198.8
588.50      198.3
588.60      198.0
588.70      197.8
588.80      197.3
588.90      197.1
589.00      196.8
589.10      196.3
589.20      196.1
589.30      195.6
589.40      195.4
589.50      195.1
589.60      194.6
589.70      194.4
589.80      194.1
589.90      193.7
590.00      193.4
590.10      193.2
590.20      192.7
590.30      192.4
590.40      191.9
590.50      191.7
590.60      191.5
590.70      191.2
590.80      190.7
590.90      190.5
591.00      190.0
591.10      189.7
591.20      189.3
591.30      189.0
591.40      188.8
591.50      188.3
591.60      188.0
591.70      187.5
591.80      187.3
591.90      187.1
592.00      186.6
592.10      186.3
592.20      185.8
592.30      185.6
592.40      185.3
592.50      184.9
592.60      184.6
592.70      184.1
592.80      183.9
592.90      183.6
593.00      183.2
593.10      182.9
593.20      182.7
593.30      182.4
593.40      181.9
593.50      181.7
593.60      181.2
593.70      181.0
593.80      180.7
593.90      180.2
594.00      180.0
594.10      179.7
594.20      179.2
594.30      179.0
594.40      178.5
594.50      178.3
594.60      178.0
594.70      177.5
594.80      177.3
594.90      177.0
595.00      176.6
595.10      176.3
595.20      175.8
595.30      175.6
595.40      175.3
595.50      174.8
595.60      174.6
595.70      174.4
595.80      173.9
595.90      173.6
596.00      173.4
596.10      173.1
596.20      172.9
596.30      172.6
596.40      172.2
596.50      171.9
596.60      171.7
596.70      171.2
596.80      170.9
596.90      170.7
597.00      170.5
597.10      170.2
597.20      169.7
597.30      169.5
597.40      169.2
597.50      169.0
597.60      168.7
597.70      168.3
597.80      168.0
597.90      167.8
598.00      167.3
598.10      167.0
598.20      166.8
598.30      166.5
598.40      166.3
598.50      166.1
598.60      165.6
598.70      165.3
598.80      165.1
598.90      164.8
599.00      164.6
599.10      164.3
599.20      163.9
599.30      163.6
599.40      163.4
599.50      163.1
599.60      162.9
599.70      162.4
599.80      162.1
599.90      161.9
600.00      161.7
600.10      161.4
600.20      161.2
600.30      160.9
600.40      160.4
600.50      160.2
600.60      160.0
600.70      159.7
600.80      159.5
600.90      159.2
601.00      158.7
601.10      158.5
601.20      158.2
601.30      158.0
601.40      157.8
601.50      157.5
601.60      157.3
601.70      157.0
601.80      156.8
601.90      156.3
602.00      156.0
602.10      155.8
602.20      155.6
602.30      155.3
602.40      155.1
602.50      154.6
602.60      154.3
602.70      154.1
602.80      153.8
602.90      153.6
603.00      153.4
603.10      152.9
603.20      152.6
603.30      152.4
603.40      152.1
603.50      151.9
603.60      151.4
603.70      151.2
603.80      150.9
603.90      150.7
604.00      150.2
604.10      149.9
604.20      149.7
604.30      149.2
604.40      149.0
604.50      148.7
604.60      148.5
604.70      148.0
604.80      147.7
604.90      147.5
605.00      147.3
605.10      146.8
605.20      146.5
605.30      146.3
605.40      145.8
605.50      145.5
605.60      145.3
605.70      144.8
605.80      144.6
605.90      144.3
606.00      143.8
606.10      143.6
606.20      143.3
606.30      142.9
606.40      142.6
606.50      142.4
606.60      141.9
606.70      141.6
606.80      141.4
606.90      141.1
607.00      140.7
607.10      140.4
607.20      140.2
607.30      139.7
607.40      139.4
607.50      139.2
607.60      138.9
607.70      138.5
607.80      138.2
607.90      138.0
608.00      137.5
608.10      137.2
608.20      137.0
608.30      136.5
608.40      136.3
608.50      136.0
608.60      135.8
608.70      135.3
608.80      135.0
608.90      134.8
609.00      134.6
609.10      134.1
609.20      133.8
609.30      133.6
609.40      133.1
609.50      132.8
609.60      132.6
609.70      132.4
609.80      131.9
609.90      131.6
610.00      131.4
610.10      131.1
610.20      130.6
610.30      130.4
610.40      130.2
610.50      129.9
610.60      129.4
610.70      129.2
610.80      128.9
610.90      128.4
611.00      128.2
611.10      128.0
611.20      127.7
611.30      127.5
611.40      127.0
611.50      126.7
611.60      126.5
611.70      126.3
611.80      126.0
611.90      125.8
612.00      125.5
612.10      125.0
612.20      124.8
612.30      124.5
612.40      124.3
612.50      124.1
612.60      123.8
612.70      123.6
612.80      123.3
612.90      123.1
613.00      122.8
613.10      122.6
613.20      122.1
613.30      121.9
613.40      121.6
613.50      121.4
613.60      121.1
613.70      120.9
613.80      120.6
613.90      120.4
614.00      120.1
614.10      119.9
614.20      119.7
614.30      119.2
614.40      118.9
614.50      118.7
614.60      118.4
614.70      118.2
614.80      117.9
614.90      117.7
615.00      117.5
615.10      117.2
615.20      117.0
615.30      116.7
615.40      116.5
615.50      116.2
615.60      116.0
615.70      115.8
615.80      115.5
615.90      115.3
616.00      115.0
616.10      114.8
616.20      114.5
616.30      114.3
616.40      114.0
616.50      113.8
616.60      113.6
616.70      113.3
616.80      113.1
616.90      112.8
617.00      112.6
617.10      112.3
617.20      112.1
617.30      111.8
617.40      111.6
617.50      111.4
617.60      111.1
617.70      110.9
617.80      110.6
617.90      110.4
618.00      110.1
618.10      109.9
618.20      109.6
618.30      109.4
618.40      109.2
618.50      108.9
618.60      108.7
618.70      108.4
618.80      108.2
618.90      107.9
619.00      107.7
619.10      107.4
619.20      107.2
619.30      107.0
619.40      106.7
619.50      106.5
619.60      106.2
619.70      106.0
619.80      105.7
619.90      105.5
620.00      105.3
620.10      105.0
620.20      104.5
620.30      104.3
620.40      104.0
620.50      103.8
620.60      103.5
620.70      103.3
620.80      103.1
620.90      102.8
621.00      102.6
621.10      102.3
621.20      102.1
621.30      101.8
621.40      101.6
621.50      101.3
621.60      100.9
621.70      100.6
621.80      100.4
621.90      100.1
622.00      99.9
622.10      99.6
622.20      99.4
622.30      99.1
622.40      98.9
622.50      98.7
622.60      98.4
622.70      98.2
622.80      97.7
622.90      97.7
623.00      97.2
623.10      96.9
623.20      96.7
623.30      96.5
623.40      96.2
623.50      96.0
623.60      95.7
623.70      95.5
623.80      95.2
623.90      95.0
624.00      94.7
624.10      94.5
624.20      94.3
624.30      94.0
624.40      93.5
624.50      93.5
624.60      93.3
624.70      93.0
624.80      92.6
624.90      92.3
625.00      92.1
625.10      91.8
625.20      91.6
625.30      91.3
625.40      91.1
625.50      90.8
625.60      90.6
625.70      90.4
625.80      90.1
625.90      89.9
626.00      89.6
626.10      89.4
626.20      89.1
626.30      88.9
626.40      88.6
626.50      88.4
626.60      88.2
626.70      87.9
626.80      87.7
626.90      87.4
627.00      87.2
627.10      87.2
627.20      86.9
627.30      86.7
627.40      86.4
627.50      86.2
627.60      86.0
627.70      85.7
627.80      85.5
627.90      85.2
628.00      85.0
628.10      84.7
628.20      84.5
628.30      84.5
628.40      84.2
628.50      84.0
628.60      83.8
628.70      83.5
628.80      83.3
628.90      83.0
629.00      83.0
629.10      82.8
629.20      82.5
629.30      82.3
629.40      82.1
629.50      81.8
629.60      81.6
629.70      81.6
629.80      81.3
629.90      81.1
630.00      80.8
630.10      80.6
630.20      80.3
630.30      80.3
630.40      80.1
630.50      79.9
630.60      79.6
630.70      79.4
630.80      79.1
630.90      79.1
631.00      78.9
631.10      78.6
631.20      78.4
631.30      78.1
631.40      78.1
631.50      77.9
631.60      77.7
631.70      77.4
631.80      77.2
631.90      77.2
632.00      76.9
632.10      76.7
632.20      76.4
632.30      76.4
632.40      76.2
632.50      75.9
632.60      75.9
632.70      75.7
632.80      75.5
632.90      75.2
633.00      75.0
633.10      75.0
633.20      74.7
633.30      74.5
633.40      74.2
633.50      74.2
633.60      74.0
633.70      73.7
633.80      73.5
633.90      73.5
634.00      73.3
634.10      73.0
634.20      72.8
634.30      72.8
634.40      72.5
634.50      72.3
634.60      72.0
634.70      72.0
634.80      71.8
634.90      71.6
635.00      71.3
635.10      71.3
635.20      71.1
635.30      70.8
635.40      70.8
635.50      70.6
635.60      70.3
635.70      70.1
635.80      69.8
635.90      69.8
636.00      69.6
636.10      69.4
636.20      69.1
636.30      68.9
636.40      68.6
636.50      68.6
636.60      68.4
636.70      68.1
636.80      67.9
636.90      67.9
637.00      67.6
637.10      67.4
637.20      67.2
637.30      66.9
637.40      66.7
637.50      66.7
637.60      66.4
637.70      66.2
637.80      65.9
637.90      65.7
638.00      65.7
638.10      65.4
638.20      65.2
638.30      65.0
638.40      65.0
638.50      64.7
638.60      64.5
638.70      64.2
638.80      64.0
638.90      64.0
639.00      63.7
639.10      63.5
639.20      63.2
639.30      63.2
639.40      63.0
639.50      62.8
639.60      62.5
639.70      62.3
639.80      62.3
639.90      62.0
640.00      61.8
640.10      61.5
640.20      61.3
640.30      61.3
640.40      61.1
640.50      60.8
640.60      60.6
640.70      60.6
640.80      60.3
640.90      60.1
641.00      59.8
641.10      59.8
641.20      59.6
641.30      59.3
641.40      59.1
641.50      59.1
641.60      58.9
641.70      58.6
641.80      58.4
641.90      58.4
642.00      58.1
642.10      57.9
642.20      57.9
642.30      57.6
642.40      57.4
642.50      57.1
642.60      57.1
642.70      56.9
642.80      56.7
642.90      56.7
643.00      56.4
643.10      56.2
643.20      56.2
643.30      55.9
643.40      55.7
643.50      55.7
643.60      55.4
643.70      55.2
643.80      55.2
643.90      54.9
644.00      54.7
644.10      54.7
644.20      54.5
644.30      54.5
644.40      54.2
644.50      54.0
644.60      54.0
644.70      53.7
644.80      53.5
644.90      53.5
645.00      53.2
645.10      53.2
645.20      53.0
645.30      53.0
645.40      52.7
645.50      52.5
645.60      52.5
645.70      52.3
645.80      52.0
645.90      52.0
646.00      51.8
646.10      51.8
646.20      51.5
646.30      51.5
646.40      51.3
646.50      51.3
646.60      51.0
646.70      50.8
646.80      50.8
646.90      50.5
647.00      50.5
647.10      50.3
647.20      50.1
647.30      50.1
647.40      49.8
647.50      49.8
647.60      49.6
647.70      49.6
647.80      49.3
647.90      49.3
648.00      49.1
648.10      49.1
648.20      48.8
648.30      48.8
648.40      48.6
648.50      48.6
648.60      48.4
648.70      48.1
648.80      48.1
648.90      47.9
649.00      47.9
649.10      47.6
649.20      47.6
649.30      47.4
649.40      47.4
649.50      47.1
649.60      47.1
649.70      46.9
649.80      46.9
649.90      46.6
650.00      46.6
650.10      46.4
650.20      46.2
650.30      46.2
650.40      45.9
650.50      45.9
650.60      45.7
650.70      45.7
650.80      45.4
650.90      45.4
651.00      45.2
651.10      45.2
651.20      44.9
651.30      44.9
651.40      44.7
651.50      44.7
651.60      44.4
651.70      44.4
651.80      44.2
651.90      44.2
652.00      44.0
652.10      44.0
652.20      43.7
652.30      43.7
652.40      43.5
652.50      43.2
652.60      43.2
652.70      43.0
652.80      43.0
652.90      42.7
653.00      42.7
653.10      42.5
653.20      42.5
653.30      42.2
653.40      42.0
653.50      42.0
653.60      41.8
653.70      41.8
653.80      41.5
653.90      41.5
654.00      41.3
654.10      41.3
654.20      41.0
654.30      41.0
654.40      40.8
654.50      40.8
654.60      40.5
654.70      40.5
654.80      40.3
654.90      40.0
655.00      40.0
655.10      39.8
655.20      39.8
655.30      39.6
655.40      39.6
655.50      39.3
655.60      39.3
655.70      39.1
655.80      39.1
655.90      38.8
656.00      38.8
656.10      38.6
656.20      38.6
656.30      38.3
656.40      38.3
656.50      38.1
656.60      38.1
656.70      37.9
656.80      37.9
656.90      37.6
657.00      37.6
657.10      37.4
657.20      37.4
657.30      37.1
657.40      37.1
657.50      36.9
657.60      36.9
657.70      36.6
657.80      36.6
657.90      36.4
658.00      36.4
658.10      36.1
658.20      36.1
658.30      35.9
658.40      35.9
658.50      35.9
658.60      35.7
658.70      35.7
658.80      35.4
658.90      35.4
659.00      35.2
659.10      35.2
659.20      34.9
659.30      34.9
659.40      34.7
659.50      34.7
659.60      34.4
659.70      34.4
659.80      34.4
659.90      34.2
660.00      34.2
660.10      33.9
660.20      33.9
660.30      33.9
660.40      33.7
660.50      33.7
660.60      33.5
660.70      33.5
660.80      33.5
660.90      33.2
661.00      33.2
661.10      33.2
661.20      33.0
661.30      33.0
661.40      32.7
661.50      32.7
661.60      32.5
661.70      32.5
661.80      32.5
661.90      32.2
662.00      32.2
662.10      32.0
662.20      32.0
662.30      32.0
662.40      31.7
662.50      31.7
662.60      31.7
662.70      31.5
662.80      31.5
662.90      31.5
663.00      31.3
663.10      31.3
663.20      31.0
663.30      31.0
663.40      31.0
663.50      30.8
663.60      30.8
663.70      30.8
663.80      30.5
663.90      30.5
664.00      30.3
664.10      30.3
664.20      30.3
664.30      30.0
664.40      30.0
664.50      30.0
664.60      29.8
664.70      29.8
664.80      29.8
664.90      29.8
665.00      29.5
665.10      29.5
665.20      29.3
665.30      29.3
665.40      29.3
665.50      29.3
665.60      29.1
665.70      29.1
665.80      28.8
665.90      28.8
666.00      28.8
666.10      28.6
666.20      28.6
666.30      28.6
666.40      28.3
666.50      28.3
666.60      28.3
666.70      28.1
666.80      28.1
666.90      28.1
667.00      27.8
667.10      27.8
667.20      27.8
667.30      27.8
667.40      27.6
667.50      27.6
667.60      27.4
667.70      27.4
667.80      27.4
667.90      27.1
668.00      27.1
668.10      27.1
668.20      26.9
668.30      26.9
668.40      26.6
668.50      26.6
668.60      26.6
668.70      26.6
668.80      26.4
668.90      26.4
669.00      26.1
669.10      26.1
669.20      26.1
669.30      25.9
669.40      25.9
669.50      25.9
669.60      25.6
669.70      25.6
669.80      25.6
669.90      25.6
670.00      25.4
670.10      25.4
670.20      25.2
670.30      25.2
670.40      25.2
670.50      25.2
670.60      24.9
670.70      24.9
670.80      24.7
670.90      24.7
671.00      24.7
671.10      24.4
671.20      24.4
671.30      24.4
671.40      24.2
671.50      24.2
671.60      24.2
671.70      23.9
671.80      23.9
671.90      23.9
672.00      23.7
672.10      23.7
672.20      23.7
672.30      23.4
672.40      23.4
672.50      23.4
672.60      23.2
672.70      23.2
672.80      23.2
672.90      23.2
673.00      23.0
673.10      23.0
673.20      22.7
673.30      22.7
673.40      22.7
673.50      22.7
673.60      22.5
673.70      22.5
673.80      22.5
673.90      22.2
674.00      22.2
674.10      22.2
674.20      22.0
674.30      22.0
674.40      22.0
674.50      22.0
674.60      21.7
674.70      21.7
674.80      21.7
674.90      21.5
675.00      21.5
675.10      21.5
675.20      21.5
675.30      21.2
675.40      21.2
675.50      21.2
675.60      21.0
675.70      21.0
675.80      21.0
675.90      21.0
676.00      20.8
676.10      20.8
676.20      20.8
676.30      20.8
676.40      20.5
676.50      20.5
676.60      20.5
676.70      20.5
676.80      20.3
676.90      20.3
677.00      20.3
677.10      20.3
677.20      20.0
677.30      20.0
677.40      20.0
677.50      20.0
677.60      19.8
677.70      19.8
677.80      19.8
677.90      19.8
678.00      19.5
678.10      19.5
678.20      19.5
678.30      19.5
678.40      19.3
678.50      19.3
678.60      19.3
678.70      19.3
678.80      19.0
678.90      19.0
679.00      19.0
679.10      19.0
679.20      19.0
679.30      18.8
679.40      18.8
679.50      18.8
679.60      18.8
679.70      18.8
679.80      18.6
679.90      18.6
680.00      18.6
680.10      18.6
680.20      18.3
680.30      18.3
680.40      18.3
680.50      18.3
680.60      18.1
680.70      18.1
680.80      18.1
680.90      18.1
681.00      18.1
681.10      18.1
681.20      17.8
681.30      17.8
681.40      17.8
681.50      17.8
681.60      17.8
681.70      17.6
681.80      17.6
681.90      17.6
682.00      17.6
682.10      17.6
682.20      17.3
682.30      17.3
682.40      17.3
682.50      17.3
682.60      17.1
682.70      17.1
682.80      17.1
682.90      17.1
683.00      17.1
683.10      17.1
683.20      16.8
683.30      16.8
683.40      16.8
683.50      16.8
683.60      16.6
683.70      16.6
683.80      16.6
683.90      16.6
684.00      16.6
684.10      16.4
684.20      16.4
684.30      16.4
684.40      16.4
684.50      16.4
684.60      16.1
684.70      16.1
684.80      16.1
684.90      16.1
685.00      15.9
685.10      15.9
685.20      15.9
685.30      15.9
685.40      15.6
685.50      15.6
685.60      15.6
685.70      15.6
685.80      15.4
685.90      15.4
686.00      15.4
686.10      15.4
686.20      15.4
686.30      15.4
686.40      15.1
686.50      15.1
686.60      15.1
686.70      15.1
686.80      14.9
686.90      14.9
687.00      14.9
687.10      14.9
687.20      14.9
687.30      14.9
687.40      14.7
687.50      14.7
687.60      14.7
687.70      14.7
687.80      14.4
687.90      14.4
688.00      14.4
688.10      14.4
688.20      14.2
688.30      14.2
688.40      14.2
688.50      14.2
688.60      14.2
688.70      14.2
688.80      13.9
688.90      13.9
689.00      13.9
689.10      13.9
689.20      13.7
689.30      13.9
689.40      13.7
689.50      13.7
689.60      13.7
689.70      13.7
689.80      13.4
689.90      13.4
690.00      13.4
690.10      13.4
690.20      13.4
690.30      13.4
690.40      13.2
690.50      13.2
690.60      13.2
690.70      13.2
690.80      12.9
690.90      12.9
691.00      12.9
691.10      12.9
691.20      12.9
691.30      12.7
691.40      12.7
691.50      12.7
691.60      12.7
691.70      12.7
691.80      12.5
691.90      12.5
692.00      12.5
692.10      12.5
692.20      12.5
692.30      12.5
692.40      12.2
692.50      12.2
692.60      12.2
692.70      12.2
692.80      12.2
692.90      12.0
693.00      12.0
693.10      12.0
693.20      11.7
693.30      11.7
693.40      11.7
693.50      11.7
693.60      11.7
693.70      11.7
693.80      11.7
693.90      11.7
694.00      11.7
694.10      11.7
694.20      11.7
694.30      11.7
694.40      11.7
694.50      11.7
694.60      11.5
694.70      11.7
694.80      11.5
694.90      11.5
695.00      11.5
695.10      11.5
695.20      11.5
695.30      11.5
695.40      11.5
695.50      11.5
695.60      11.5
695.70      11.5
695.80      11.5
695.90      11.5
696.00      11.5
696.10      11.5
696.20      11.5
696.30      11.5
696.40      11.5
696.50      11.5
696.60      11.5
696.70      11.5
696.80      11.5
696.90      11.5
697.00      11.5
697.10      11.5
697.20      11.5
697.30      11.5
697.40      11.2
697.50      11.5
697.60      11.2
697.70      11.5
697.80      11.2
697.90      11.2
698.00      11.2
698.10      11.2
698.20      11.2
698.30      11.2
698.40      11.2
698.50      11.2
698.60      11.2
698.70      11.2
698.80      11.2
698.90      11.2
699.00      11.2
699.10      11.2
699.20      11.2
699.30      11.2
699.40      11.2
699.50      11.2
699.60      11.2
699.70      11.2
699.80      11.2
699.90      11.2
700.00      11.2
700.10      11.2
700.20      11.2
700.30      11.2
700.40      11.2
700.50      11.2
700.60      11.2
700.70      11.2
700.80      11.2
700.90      11.2
701.00      11.2
701.10      11.2
701.20      11.2
701.30      11.2
701.40      11.2
701.50      11.2
701.60      11.2
701.70      11.2
701.80      11.2
701.90      11.2
702.00      11.2
702.10      11.2
702.20      11.2
702.30      11.2
702.40      11.2
702.50      11.2
702.60      11.2
702.70      11.2
702.80      11.2
702.90      11.2
703.00      11.2
703.10      11.2
703.20      11.2
703.30      11.2
703.40      11.2
703.50      11.2
703.60      11.2
703.70      11.5
703.80      11.2
703.90      11.5
704.00      11.2
704.10      11.5
704.20      11.2
704.30      11.5
704.40      11.2
704.50      11.5
704.60      11.2
704.70      11.5
704.80      11.2
704.90      11.5
705.00      11.5
705.10      11.5
705.20      11.5
705.30      11.5
705.40      11.5
705.50      11.5
705.60      11.5
705.70      11.5
705.80      11.2
705.90      11.5
706.00      11.2
706.10      11.5
706.20      11.2
706.30      11.5
706.40      11.2
706.50      11.2
706.60      11.2
706.70      11.2
706.80      11.2
706.90      11.2
707.00      11.2
707.10      11.2
707.20      11.2
707.30      11.2
707.40      11.2
707.50      11.2
707.60      11.2
707.70      11.2
707.80      11.2
707.90      11.2
708.00      11.2
708.10      11.2
708.20      11.2
708.30      11.2
708.40      11.2
708.50      11.2
708.60      11.0
708.70      11.0
708.80      11.0
708.90      11.0
709.00      11.0
709.10      11.0
709.20      11.0
709.30      11.0
709.40      11.0
709.50      11.0
709.60      11.0
709.70      11.0
709.80      11.0
709.90      11.0
710.00      10.7
710.10      10.7
710.20      10.7
710.30      10.7
710.40      10.7
710.50      10.7
710.60      10.7
710.70      10.7
710.80      10.7
710.90      10.7
711.00      10.5
711.10      10.5
711.20      10.5
711.30      10.5
711.40      10.5
711.50      10.5
711.60      10.5
711.70      10.5
711.80      10.3
711.90      10.3
712.00      10.3
712.10      10.3
712.20      10.3
712.30      10.3
712.40      10.3
712.50      10.3
712.60      10.0
712.70      10.3
712.80      10.0
712.90      10.0
713.00      10.0
713.10      10.0
713.20      10.0
713.30      10.0
713.40      10.0
713.50      10.0
713.60      9.8
713.70      9.8
713.80      9.8
713.90      9.8
714.00      9.8
714.10      9.8
714.20      9.5
714.30      9.5
714.40      9.5
714.50      9.5
714.60      9.5
714.70      9.5
714.80      9.5
714.90      9.5
715.00      9.3
715.10      9.3
715.20      9.3
715.30      9.3
715.40      9.3
715.50      9.3
715.60      9.0
715.70      9.0
715.80      9.0
715.90      9.0
716.00      9.0
716.10      9.0
716.20      8.8
716.30      8.8
716.40      8.8
716.50      8.8
716.60      8.8
716.70      8.8
716.80      8.5
716.90      8.5
717.00      8.5
717.10      8.5
717.20      8.5
717.30      8.5
717.40      8.3
717.50      8.3
717.60      8.3
717.70      8.3
717.80      8.3
717.90      8.3
718.00      8.3
718.10      8.3
718.20      8.1
718.30      8.1
718.40      8.1
718.50      8.1
718.60      8.1
718.70      8.1
718.80      7.8
718.90      7.8
719.00      7.8
719.10      7.8
719.20      7.8
719.30      7.8
719.40      7.6
719.50      7.6
719.60      7.6
719.70      7.6
719.80      7.6
719.90      7.6
720.00      7.6
720.10      7.3
720.20      7.3
720.30      7.3
720.40      7.3
720.50      7.3
720.60      7.3
720.70      7.3
720.80      7.1
720.90      7.1
721.00      7.1
721.10      7.1
721.20      7.1
721.30      7.1
721.40      7.1
721.50      7.1
721.60      6.8
721.70      6.8
721.80      6.8
721.90      6.8
722.00      6.8
722.10      6.8
722.20      6.8
722.30      6.8
722.40      6.6
722.50      6.6
722.60      6.6
722.70      6.6
722.80      6.6
722.90      6.6
723.00      6.6
723.10      6.6
723.20      6.3
723.30      6.3
723.40      6.3
723.50      6.3
723.60      6.3
723.70      6.3
723.80      6.3
723.90      6.3
724.00      6.3
724.10      6.3
724.20      6.1
724.30      6.3
724.40      6.1
724.50      6.1
724.60      6.1
724.70      6.1
724.80      6.1
724.90      6.1
725.00      6.1
725.10      6.1
725.20      6.1
725.30      6.1
725.40      5.9
725.50      5.9
725.60      5.9
725.70      5.9
725.80      5.9
725.90      5.9
726.00      5.9
726.10      5.9
726.20      5.9
726.30      5.9
726.40      5.9
726.50      5.9
726.60      5.6
726.70      5.6
726.80      5.6
726.90      5.6
727.00      5.6
727.10      5.6
727.20      5.6
727.30      5.6
727.40      5.6
727.50      5.6
727.60      5.6
727.70      5.6
727.80      5.4
727.90      5.4
728.00      5.4
728.10      5.4
728.20      5.4
728.30      5.4
728.40      5.4
728.50      5.4
728.60      5.4
728.70      5.4
728.80      5.4
728.90      5.4
729.00      5.4
729.10      5.4
729.20      5.1
729.30      5.1
729.40      5.1
729.50      5.1
729.60      5.1
729.70      5.1
729.80      5.1
729.90      5.1
730.00      5.1
730.10      5.1
730.20      5.1
730.30      5.1
730.40      5.1
730.50      5.1
730.60      5.1
730.70      5.1
730.80      4.9
730.90      4.9
731.00      4.9
731.10      4.9
731.20      4.9
731.30      4.9
731.40      4.9
731.50      4.9
731.60      4.9
731.70      4.9
731.80      4.9
731.90      4.9
732.00      4.9
732.10      4.9
732.20      4.6
732.30      4.9
732.40      4.6
732.50      4.6
732.60      4.6
732.70      4.6
732.80      4.6
732.90      4.6
733.00      4.6
733.10      4.6
733.20      4.6
733.30      4.6
733.40      4.6
733.50      4.6
733.60      4.6
733.70      4.6
733.80      4.4
733.90      4.6
734.00      4.4
734.10      4.4
734.20      4.4
734.30      4.4
734.40      4.4
734.50      4.4
734.60      4.4
734.70      4.4
734.80      4.4
734.90      4.4
735.00      4.4
735.10      4.4
735.20      4.4
735.30      4.4
735.40      4.4
735.50      4.4
735.60      4.2
735.70      4.2
735.80      4.2
735.90      4.2
736.00      4.2
736.10      4.2
736.20      4.2
736.30      4.2
736.40      4.2
736.50      4.2
736.60      4.2
736.70      4.2
736.80      4.2
736.90      4.2
737.00      4.2
737.10      4.2
737.20      4.2
737.30      4.2
737.40      3.9
737.50      4.2
737.60      3.9
737.70      3.9
737.80      3.9
737.90      3.9
738.00      3.9
738.10      3.9
738.20      3.9
738.30      3.9
738.40      3.9
738.50      3.9
738.60      3.9
738.70      3.9
738.80      3.9
738.90      3.9
739.00      3.9
739.10      3.9
739.20      3.9
739.30      3.9
739.40      3.9
739.50      3.9
739.60      3.7
739.70      3.7
739.80      3.7
739.90      3.7
740.00      3.7
740.10      3.7
740.20      3.7
740.30      3.7
740.40      3.7
740.50      3.7
740.60      3.7
740.70      3.7
740.80      3.7
740.90      3.7
741.00      3.7
741.10      3.7
741.20      3.7
741.30      3.7
741.40      3.7
741.50      3.7
741.60      3.7
741.70      3.7
741.80      3.7
741.90      3.7
742.00      3.7
742.10      3.7
742.20      3.4
742.30      3.7
742.40      3.4
742.50      3.4
742.60      3.4
742.70      3.4
742.80      3.4
742.90      3.4
743.00      3.4
743.10      3.4
743.20      3.4
743.30      3.4
743.40      3.4
743.50      3.4
743.60      3.4
743.70      3.4
743.80      3.4
743.90      3.4
744.00      3.4
744.10      3.4
744.20      3.4
744.30      3.4
744.40      3.4
744.50      3.4
744.60      3.4
744.70      3.4
744.80      3.4
744.90      3.4
745.00      3.4
745.10      3.4
745.20      3.2
745.30      3.4
745.40      3.2
745.50      3.4
745.60      3.2
745.70      3.2
745.80      3.2
745.90      3.2
746.00      3.2
746.10      3.2
746.20      3.2
746.30      3.2
746.40      3.2
746.50      3.2
746.60      3.2
746.70      3.2
746.80      3.2
746.90      3.2
747.00      3.2
747.10      3.2
747.20      3.2
747.30      3.2
747.40      3.2
747.50      3.2
747.60      3.2
747.70      3.2
747.80      3.2
747.90      3.2
748.00      3.2
748.10      3.2
748.20      3.2
748.30      3.2
748.40      3.2
748.50      3.2
748.60      3.2
748.70      3.2
748.80      2.9
748.90      3.2
749.00      2.9
749.10      2.9
749.20      2.9
749.30      2.9
749.40      2.9
749.50      2.9
749.60      2.9
749.70      2.9
749.80      2.9
749.90      2.9
750.00      2.9
750.10      2.9
750.20      2.9
750.30      2.9
750.40      2.9
750.50      2.9
750.60      2.9
750.70      2.9
750.80      2.9
750.90      2.9
751.00      2.9
751.10      2.9
751.20      2.9
751.30      2.9
751.40      2.9
751.50      2.9
751.60      2.9
751.70      2.9
751.80      2.9
751.90      2.9
752.00      2.9
752.10      2.9
752.20      2.9
752.30      2.9
752.40      2.9
752.50      2.9
752.60      2.7
752.70      2.9
752.80      2.7
752.90      2.9
753.00      2.7
753.10      2.7
753.20      2.7
753.30      2.7
753.40      2.7
753.50      2.7
753.60      2.7
753.70      2.7
753.80      2.7
753.90      2.7
754.00      2.7
754.10      2.7
754.20      2.7
754.30      2.7
754.40      2.7
754.50      2.7
754.60      2.7
754.70      2.7
754.80      2.7
754.90      2.7
755.00      2.7
755.10      2.7
755.20      2.7
755.30      2.7
755.40      2.7
755.50      2.7
755.60      2.7
755.70      2.7
755.80      2.7
755.90      2.7
756.00      2.7
756.10      2.7
756.20      2.7
756.30      2.7
756.40      2.7
756.50      2.7
756.60      2.7
756.70      2.7
756.80      2.7
756.90      2.7
757.00      2.7
757.10      2.7
757.20      2.7
757.30      2.7
757.40      2.4
757.50      2.7
757.60      2.7
757.70      2.7
757.80      2.4
757.90      2.7
758.00      2.4
758.10      2.7
758.20      2.4
758.30      2.4
758.40      2.4
758.50      2.4
758.60      2.4
758.70      2.4
758.80      2.4
758.90      2.4
759.00      2.4
759.10      2.4
759.20      2.4
759.30      2.4
759.40      2.4
759.50      2.4
759.60      2.4
759.70      2.4
759.80      2.4
759.90      2.4
760.00      2.4
760.10      2.4
760.20      2.4
760.30      2.4
760.40      2.4
760.50      2.4
760.60      2.4
760.70      2.4
760.80      2.4
760.90      2.4
761.00      2.4
761.10      2.4
761.20      2.4
761.30      2.4
761.40      2.4
761.50      2.4
761.60      2.4
761.70      2.4
761.80      2.4
761.90      2.4
762.00      2.4
762.10      2.4
762.20      2.4
762.30      2.4
762.40      2.4
762.50      2.4
762.60      2.4
762.70      2.4
762.80      2.4
762.90      2.4
763.00      2.4
763.10      2.4
763.20      2.4
763.30      2.4
763.40      2.4
763.50      2.4
763.60      2.4
763.70      2.4
763.80      2.4
763.90      2.4
764.00      2.4
764.10      2.4
764.20      2.2
764.30      2.4
764.40      2.2
764.50      2.4
764.60      2.2
764.70      2.4
764.80      2.2
764.90      2.4
765.00      2.2
765.10      2.2
765.20      2.2
765.30      2.4
765.40      2.2
765.50      2.2
765.60      2.2
765.70      2.2
765.80      2.2
765.90      2.2
766.00      2.2
766.10      2.2
766.20      2.2
766.30      2.2
766.40      2.2
766.50      2.2
766.60      2.2
766.70      2.2
766.80      2.2
766.90      2.2
767.00      2.2
767.10      2.2
767.20      2.2
767.30      2.2
767.40      2.2
767.50      2.2
767.60      2.2
767.70      2.2
767.80      2.2
767.90      2.2
768.00      2.2
768.10      2.2
768.20      2.2
768.30      2.2
768.40      2.2
768.50      2.2
768.60      2.2
768.70      2.2
768.80      2.2
768.90      2.2
769.00      2.2
769.10      2.2
769.20      2.2
769.30      2.2
769.40      2.2
769.50      2.2
769.60      2.2
769.70      2.2
769.80      2.2
769.90      2.2
770.00      2.2
770.10      2.2
770.20      2.2
770.30      2.2
770.40      2.2
770.50      2.2
770.60      2.2
770.70      2.2
770.80      2.2
770.90      2.2
771.00      2.2
771.10      2.2
771.20      2.2
771.30      2.2
771.40      2.2
771.50      2.2
771.60      2.2
771.70      2.2
771.80      2.2
771.90      2.2
772.00      2.0
772.10      2.2
772.20      2.0
772.30      2.2
772.40      2.0
772.50      2.2
772.60      2.0
772.70      2.2
772.80      2.0
772.90      2.2
773.00      2.0
773.10      2.2
773.20      2.0
773.30      2.2
773.40      2.0
773.50      2.2
773.60      2.0
773.70      2.0
773.80      2.0
773.90      2.0
774.00      2.0
774.10      2.2
774.20      2.0
774.30      2.0
774.40      2.0
774.50      2.0
774.60      2.0
774.70      2.0
774.80      2.0
774.90      2.0
775.00      2.0
775.10      2.0
775.20      2.0
775.30      2.0
775.40      2.0
775.50      2.0
775.60      2.0
775.70      2.0
775.80      2.0
775.90      2.0
776.00      2.0
776.10      2.0
776.20      2.0
776.30      2.0
776.40      2.0
776.50      2.0
776.60      2.0
776.70      2.0
776.80      2.0
776.90      2.0
777.00      2.0
777.10      2.0
777.20      2.0
777.30      2.0
777.40      2.0
777.50      2.0
777.60      2.0
777.70      2.0
777.80      2.0
777.90      2.0
778.00      2.0
778.10      2.0
778.20      2.0
778.30      1.7
778.40      1.5
778.50      1.5
778.60      1.2
778.70      1.2
778.80      1.2
778.90      1.2
779.00      1.2
779.10      1.2
779.20      1.2
779.30      1.2
779.40      1.2
779.50      1.2
779.60      1.2
779.70      1.2
779.80      1.2
779.90      1.2
780.00      1.2
780.10      1.2
780.20      1.2
780.30      1.2
780.40      1.2
780.50      1.2
780.60      1.2
780.70      1.2
780.80      1.2
780.90      1.2
781.00      1.2
781.10      1.2
781.20      1.2
781.30      1.2
781.40      1.2
781.50      1.2
781.60      1.2
781.70      1.2
781.80      1.2
781.90      1.2
782.00      1.2
782.10      1.2
782.20      1.2
782.30      1.2
782.40      1.2
782.50      1.2
782.60      1.2
782.70      1.2
782.80      1.2
782.90      1.2
783.00      1.2
783.10      1.2
783.20      1.2
783.30      1.2
783.40      1.2
783.50      1.2
783.60      1.2
783.70      1.2
783.80      1.2
783.90      1.2
784.00      1.2
784.10      1.2
784.20      1.2
784.30      1.2
784.40      1.2
784.50      1.2
784.60      1.2
784.70      1.2
784.80      1.2
784.90      1.2
785.00      1.2
785.10      1.2
785.20      1.2
785.30      1.2
785.40      1.2
785.50      1.2
785.60      1.2
785.70      1.2
785.80      1.2
785.90      1.2
786.00      1.2
786.10      1.2
786.20      1.2
786.30      1.2
786.40      1.2
786.50      1.2
786.60      1.2
786.70      1.2
786.80      1.2
786.90      1.2
787.00      1.2
787.10      1.2
787.20      1.2
787.30      1.2
787.40      1.2
787.50      1.2
787.60      1.2
787.70      1.2
787.80      1.2
787.90      1.2
788.00      1.2
788.10      1.2
788.20      1.2
788.30      1.2
788.40      1.2
788.50      1.2
788.60      1.2
788.70      1.2
788.80      1.2
788.90      1.2
789.00      1.2
789.10      1.2
789.20      1.2
789.30      1.2
789.40      1.2
789.50      1.2
789.60      1.2
789.70      1.2
789.80      1.2
789.90      1.2
790.00      1.2
790.10      1.2
790.20      1.2
790.30      1.2
790.40      1.2
790.50      1.2
790.60      1.2
790.70      1.2
790.80      1.2
790.90      1.2
791.00      1.2
791.10      1.2
791.20      1.2
791.30      1.2
791.40      1.2
791.50      1.2
791.60      1.2
791.70      1.2
791.80      1.2
791.90      1.2
792.00      1.2
792.10      1.2
792.20      1.2
792.30      1.2
792.40      1.2
792.50      1.2
792.60      1.2
792.70      1.2
792.80      1.2
792.90      1.2
793.00      1.2
793.10      1.2
793.20      1.2
793.30      1.2
793.40      1.2
793.50      1.2
793.60      1.2
793.70      1.2
793.80      1.2
793.90      1.2
794.00      1.2
794.10      1.2
794.20      1.2
794.30      1.2
794.40      1.2
794.50      1.2
794.60      1.2
794.70      1.2
794.80      1.2
794.90      1.2
795.00      1.2
795.10      1.2
795.20      1.2
795.30      1.2
795.40      1.2
795.50      1.2
795.60      1.2
795.70      1.2
795.80      1.2
795.90      1.2
796.00      1.2
796.10      1.2
796.20      1.2
796.30      1.2
796.40      1.2
796.50      1.2
796.60      1.2
796.70      1.2
796.80      1.2
796.90      1.2
797.00      1.2
797.10      1.2
797.20      1.2
797.30      1.2
797.40      1.2
797.50      1.2
797.60      1.2
797.70      1.2
797.80      1.2
797.90      1.2
798.00      1.2
798.10      1.2
798.20      1.2
798.30      1.2
798.40      1.2
798.50      1.2
798.60      1.2
798.70      1.2
798.80      1.2
798.90      1.2
799.00      1.2
799.10      1.2
799.20      1.2
799.30      1.2
799.40      1.2
799.50      1.2
799.60      1.2
799.70      1.2
799.80      1.2
799.90      1.2
800.00      1.2
