350.00      1.2
351.00      1.2
352.00      1.2
353.00      1.5
354.00      1.2
355.00      1.5
356.00      1.5
357.00      1.5
358.00      1.2
359.00      1.5
360.00      1.5
361.00      1.5
362.00      1.5
363.00      1.5
364.00      1.5
365.00      2.7
366.00      188.8
367.00      86.4
368.00      11.5
369.00      1.7
370.00      1.5
371.00      1.7
372.00      1.5
373.00      1.5
374.00      1.5
375.00      1.5
376.00      1.5
377.00      1.5
378.00      1.5
379.00      1.5
380.00      1.5
381.00      1.5
382.00      1.5
383.00      1.5
384.00      1.5
385.00      1.5
386.00      1.5
387.00      1.5
388.00      1.2
389.00      1.5
390.00      1.5
391.00      2.4
392.00      2.0
393.00      1.5
394.00      1.5
395.00      1.5
396.00      1.5
397.00      1.5
398.00      1.5
399.00      2.7
400.00      1.7
401.00      1.5
402.00      1.5
403.00      1.7
404.00      3.4
405.00      461.1
406.00      209.3
407.00      4.2
408.00      26.1
409.00      43.2
410.00      3.2
411.00      1.7
412.00      1.7
413.00      1.5
414.00      1.5
415.00      1.5
416.00      1.5
417.00      1.5
418.00      1.5
419.00      1.5
420.00      1.5
421.00      1.5
422.00      1.5
423.00      1.5
424.00      1.5
425.00      1.5
426.00      1.5
427.00      1.5
428.00      1.5
429.00      1.5
430.00      1.5
431.00      1.5
432.00      1.7
433.00      1.7
434.00      3.2
435.00      11.7
436.00      792.4
437.00      705.5
438.00      12.0
439.00      2.4
440.00      2.0
441.00      2.0
442.00      1.7
443.00      1.7
444.00      1.5
445.00      1.5
446.00      1.5
447.00      1.5
448.00      1.5
449.00      1.5
450.00      1.5
451.00      1.5
452.00      1.5
453.00      1.5
454.00      1.5
455.00      1.5
456.00      1.5
457.00      1.5
458.00      1.5
459.00      1.5
460.00      1.5
461.00      1.5
462.00      1.5
463.00      1.5
464.00      1.5
465.00      1.5
466.00      1.5
467.00      1.5
468.00      1.5
469.00      1.5
470.00      1.5
471.00      1.5
472.00      1.5
473.00      1.5
474.00      1.5
475.00      1.5
476.00      1.5
477.00      1.5
478.00      1.5
479.00      1.5
480.00      1.5
481.00      1.5
482.00      1.2
483.00      1.5
484.00      1.5
485.00      1.5
486.00      1.5
487.00      1.2
488.00      1.5
489.00      1.5
490.00      1.5
491.00      1.5
492.00      1.5
493.00      3.4
494.00      1.5
495.00      1.5
496.00      1.5
497.00      1.5
498.00      1.5
499.00      1.5
500.00      1.2
501.00      1.2
502.00      1.2
503.00      1.5
504.00      1.5
505.00      1.5
506.00      1.5
507.00      1.5
508.00      1.5
509.00      1.5
510.00      1.5
511.00      1.5
512.00      1.2
513.00      1.5
514.00      1.5
515.00      1.5
516.00      1.2
517.00      1.5
518.00      1.5
519.00      1.5
520.00      1.2
521.00      1.5
522.00      1.5
523.00      1.5
524.00      1.5
525.00      1.2
526.00      1.5
527.00      1.5
528.00      1.2
529.00      1.5
530.00      1.5
531.00      1.5
532.00      1.5
533.00      1.5
534.00      1.5
535.00      1.5
536.00      1.5
537.00      1.5
538.00      1.5
539.00      1.5
540.00      1.5
541.00      1.5
542.00      1.5
543.00      1.5
544.00      1.7
545.00      2.2
546.00      14.4
547.00      621.5
548.00      24.9
549.00      2.2
550.00      1.7
551.00      1.7
552.00      1.5
553.00      1.5
554.00      1.5
555.00      1.5
556.00      1.5
557.00      1.5
558.00      1.5
559.00      1.5
560.00      1.5
561.00      1.5
562.00      1.5
563.00      1.5
564.00      1.5
565.00      1.5
566.00      1.5
567.00      1.2
568.00      1.5
569.00      1.5
570.00      1.2
571.00      1.2
572.00      1.2
573.00      1.2
574.00      1.5
575.00      1.5
576.00      1.5
577.00      4.6
578.00      57.4
579.00      7.6
580.00      56.4
581.00      2.9
582.00      1.5
583.00      1.5
584.00      1.5
585.00      1.5
586.00      1.2
587.00      1.5
588.00      1.2
589.00      1.2
590.00      1.5
591.00      1.2
592.00      1.2
593.00      1.2
594.00      1.2
595.00      1.2
596.00      1.2
597.00      1.2
598.00      1.2
599.00      1.2
600.00      1.2
