0.0      994.1
0.1      990.2
0.2      989.5
0.3      992.7
0.4      992.7
0.5      989.0
0.6      990.5
0.7      993.9
0.8      991.0
0.9      989.7
1.0      993.4
1.1      993.4
1.2      989.3
1.3      991.0
1.4      993.7
1.5      991.2
1.6      989.7
1.7      993.4
1.8      993.7
1.9      990.7
2.0      991.7
2.1      994.6
2.2      991.9
2.3      990.5
2.4      994.1
2.5      994.4
2.6      990.7
2.7      992.2
2.8      995.4
2.9      992.9
3.0      990.7
3.1      994.6
3.2      995.1
3.3      991.7
3.4      992.7
3.5      995.8
3.6      993.9
3.7      991.7
3.8      995.8
3.9      996.6
4.0      992.9
4.1      992.9
4.2      997.6
4.3      995.4
4.4      993.2
4.5      997.3
4.6      1000.0
4.7      997.1
4.8      996.8
4.9      1000.0
5.0      999.5
5.1      997.3
5.2      998.8
5.3      1000.0
5.4      998.0
5.5      997.3
5.6      1000.0
5.7      999.8
5.8      997.3
5.9      998.3
6.0      1000.0
6.1      998.8
6.2      997.3
6.3      999.8
6.4      1000.0
6.5      997.8
6.6      997.8
6.7      1000.0
6.8      999.3
6.9      1000.0
7.0      1000.0
7.1      1000.0
7.2      1000.0
7.3      1000.0
7.4      1000.0
7.5      996.6
7.6      978.8
7.7      970.0
7.8      958.0
7.9      957.8
8.0      955.1
8.1      938.5
8.2      935.8
8.3      929.4
8.4      912.6
8.5      912.1
8.6      911.6
8.7      908.9
8.8      903.8
8.9      876.2
9.0      869.6
9.1      850.1
9.2      816.8
9.3      765.1
9.4      678.4
9.5      646.4
9.6      644.2
9.7      644.2
9.8      709.2
9.9      739.4
10.0      762.6
10.1      823.0
10.2      820.0
10.3      805.9
10.4      811.5
10.5      807.6
10.6      802.7
10.7      790.5
10.8      782.4
10.9      748.0
11.0      729.4
11.1      719.4
11.2      698.2
11.3      695.0
11.4      696.5
11.5      697.9
11.6      696.5
11.7      696.7
11.8      714.3
11.9      725.0
12.0      698.9
12.1      681.1
12.2      909.9
12.3      1000.0
12.4      1000.0
12.5      1000.0
12.6      1000.0
12.7      1000.0
12.8      1000.0
12.9      992.2
13.0      941.1
13.1      931.6
13.2      930.2
13.3      933.3
13.4      933.8
13.5      942.6
13.6      943.6
13.7      966.3
13.8      965.8
13.9      962.6
14.0      964.8
14.1      967.5
14.2      965.6
14.3      963.4
14.4      966.1
14.5      968.0
14.6      965.1
14.7      963.9
14.8      968.0
14.9      968.0
15.0      964.3
15.1      964.8
15.2      968.3
15.3      967.3
15.4      964.3
15.5      965.3
15.6      967.5
15.7      963.1
15.8      962.1
15.9      966.1
16.0      967.5
16.1      964.3
16.2      963.4
16.3      966.3
16.4      965.8
16.5      962.4
16.6      963.6
16.7      966.5
16.8      964.1
16.9      961.2
17.0      963.9
17.1      965.8
17.2      962.6
17.3      961.7
17.4      965.1
17.5      965.6
17.6      962.1
17.7      962.6
17.8      966.1
17.9      964.8
18.0      961.7
18.1      964.1
18.2      966.5
18.3      963.4
18.4      961.7
18.5      964.8
18.6      966.1
18.7      962.9
18.8      962.4
18.9      965.6
19.0      965.3
19.1      962.9
19.2      963.9
19.3      966.8
19.4      965.3
19.5      962.4
19.6      964.8
19.7      967.0
19.8      964.1
19.9      963.1
20.0      966.3
