400.00      6.8
400.10      6.8
400.20      6.8
400.30      6.8
400.40      6.8
400.50      6.8
400.60      6.8
400.70      6.8
400.80      6.8
400.90      7.1
401.00      6.8
401.10      7.1
401.20      7.1
401.30      7.1
401.40      7.1
401.50      7.1
401.60      7.1
401.70      7.1
401.80      7.1
401.90      7.1
402.00      7.1
402.10      7.3
402.20      7.3
402.30      7.3
402.40      7.3
402.50      7.3
402.60      7.3
402.70      7.3
402.80      7.3
402.90      7.3
403.00      7.3
403.10      7.6
403.20      7.6
403.30      7.6
403.40      7.6
403.50      7.6
403.60      7.6
403.70      7.6
403.80      7.6
403.90      7.6
404.00      7.6
404.10      7.6
404.20      7.6
404.30      7.8
404.40      7.6
404.50      7.8
404.60      7.8
404.70      7.8
404.80      7.8
404.90      7.8
405.00      7.8
405.10      7.8
405.20      7.8
405.30      7.8
405.40      7.8
405.50      8.1
405.60      7.8
405.70      8.1
405.80      8.1
405.90      8.1
406.00      8.1
406.10      8.1
406.20      8.1
406.30      8.1
406.40      8.1
406.50      8.1
406.60      8.1
406.70      8.1
406.80      8.1
406.90      8.3
407.00      8.3
407.10      8.3
407.20      8.3
407.30      8.3
407.40      8.3
407.50      8.3
407.60      8.3
407.70      8.3
407.80      8.3
407.90      8.5
408.00      8.3
408.10      8.5
408.20      8.3
408.30      8.5
408.40      8.5
408.50      8.5
408.60      8.5
408.70      8.5
408.80      8.5
408.90      8.5
409.00      8.5
409.10      8.5
409.20      8.5
409.30      8.8
409.40      8.8
409.50      8.8
409.60      8.8
409.70      8.8
409.80      8.8
409.90      8.8
410.00      8.8
410.10      8.8
410.20      8.8
410.30      9.0
410.40      8.8
410.50      9.0
410.60      9.0
410.70      9.0
410.80      9.0
410.90      9.0
411.00      9.0
411.10      9.0
411.20      9.0
411.30      9.0
411.40      9.0
411.50      9.3
411.60      9.3
411.70      9.3
411.80      9.3
411.90      9.3
412.00      9.3
412.10      9.3
412.20      9.3
412.30      9.3
412.40      9.3
412.50      9.5
412.60      9.5
412.70      9.5
412.80      9.5
412.90      9.5
413.00      9.5
413.10      9.5
413.20      9.5
413.30      9.8
413.40      9.8
413.50      9.8
413.60      9.8
413.70      9.8
413.80      9.8
413.90      9.8
414.00      9.8
414.10      10.0
414.20      10.0
414.30      10.0
414.40      10.0
414.50      10.0
414.60      10.0
414.70      10.0
414.80      10.0
414.90      10.3
415.00      10.3
415.10      10.3
415.20      10.3
415.30      10.3
415.40      10.3
415.50      10.3
415.60      10.3
415.70      10.5
415.80      10.3
415.90      10.5
416.00      10.5
416.10      10.5
416.20      10.5
416.30      10.5
416.40      10.5
416.50      10.7
416.60      10.7
416.70      10.7
416.80      10.7
416.90      10.7
417.00      10.7
417.10      10.7
417.20      10.7
417.30      11.0
417.40      11.0
417.50      11.0
417.60      11.0
417.70      11.0
417.80      11.0
417.90      11.0
418.00      11.0
418.10      11.2
418.20      11.2
418.30      11.2
418.40      11.2
418.50      11.2
418.60      11.2
418.70      11.2
418.80      11.2
418.90      11.5
419.00      11.5
419.10      11.5
419.20      11.5
419.30      11.5
419.40      11.5
419.50      11.7
419.60      11.5
419.70      11.7
419.80      11.7
419.90      11.7
420.00      11.7
420.10      11.7
420.20      11.7
420.30      12.0
420.40      12.0
420.50      12.0
420.60      12.0
420.70      12.0
420.80      12.0
420.90      12.0
421.00      12.0
421.10      12.0
421.20      12.0
421.30      12.2
421.40      12.2
421.50      12.2
421.60      12.2
421.70      12.2
421.80      12.2
421.90      12.5
422.00      12.5
422.10      12.5
422.20      12.5
422.30      12.5
422.40      12.5
422.50      12.5
422.60      12.5
422.70      12.5
422.80      12.7
422.90      12.7
423.00      12.7
423.10      12.7
423.20      12.7
423.30      12.7
423.40      12.7
423.50      12.9
423.60      12.9
423.70      12.9
423.80      12.9
423.90      12.9
424.00      12.9
424.10      12.9
424.20      12.9
424.30      13.2
424.40      13.2
424.50      13.2
424.60      13.2
424.70      13.2
424.80      13.2
424.90      13.4
425.00      13.2
425.10      13.4
425.20      13.4
425.30      13.4
425.40      13.4
425.50      13.4
425.60      13.4
425.70      13.7
425.80      13.7
425.90      13.7
426.00      13.7
426.10      13.7
426.20      13.7
426.30      13.7
426.40      13.7
426.50      13.9
426.60      13.9
426.70      13.9
426.80      13.9
426.90      13.9
427.00      13.9
427.10      14.2
427.20      14.2
427.30      14.2
427.40      14.2
427.50      14.2
427.60      14.2
427.70      14.4
427.80      14.4
427.90      14.4
428.00      14.4
428.10      14.4
428.20      14.4
428.30      14.7
428.40      14.7
428.50      14.7
428.60      14.7
428.70      14.7
428.80      14.7
428.90      14.9
429.00      14.9
429.10      14.9
429.20      14.9
429.30      14.9
429.40      14.9
429.50      15.1
429.60      15.1
429.70      15.1
429.80      15.1
429.90      15.4
430.00      15.4
430.10      15.4
430.20      15.4
430.30      15.4
430.40      15.4
430.50      15.6
430.60      15.6
430.70      15.6
430.80      15.6
430.90      15.9
431.00      15.9
431.10      15.9
431.20      15.9
431.30      15.9
431.40      15.9
431.50      16.1
431.60      16.1
431.70      16.1
431.80      16.1
431.90      16.4
432.00      16.4
432.10      16.4
432.20      16.4
432.30      16.6
432.40      16.6
432.50      16.6
432.60      16.6
432.70      16.6
432.80      16.6
432.90      16.8
433.00      16.8
433.10      16.8
433.20      16.8
433.30      17.1
433.40      17.1
433.50      17.1
433.60      17.1
433.70      17.3
433.80      17.3
433.90      17.3
434.00      17.3
434.10      17.6
434.20      17.6
434.30      17.6
434.40      17.6
434.50      17.6
434.60      17.8
434.70      17.8
434.80      17.8
434.90      18.1
435.00      18.1
435.10      18.1
435.20      18.1
435.30      18.3
435.40      18.3
435.50      18.3
435.60      18.3
435.70      18.6
435.80      18.6
435.90      18.6
436.00      18.6
436.10      18.8
436.20      18.8
436.30      18.8
436.40      18.8
436.50      18.8
436.60      19.0
436.70      19.0
436.80      19.0
436.90      19.0
437.00      19.3
437.10      19.3
437.20      19.3
437.30      19.3
437.40      19.3
437.50      19.5
437.60      19.5
437.70      19.5
437.80      19.5
437.90      19.8
438.00      19.8
438.10      19.8
438.20      19.8
438.30      20.0
438.40      20.0
438.50      20.0
438.60      20.0
438.70      20.3
438.80      20.3
438.90      20.3
439.00      20.3
439.10      20.5
439.20      20.5
439.30      20.5
439.40      20.8
439.50      20.8
439.60      20.8
439.70      20.8
439.80      20.8
439.90      21.0
440.00      21.0
440.10      21.0
440.20      21.2
440.30      21.2
440.40      21.2
440.50      21.2
440.60      21.2
440.70      21.5
440.80      21.5
440.90      21.7
441.00      21.7
441.10      21.7
441.20      21.7
441.30      21.7
441.40      21.7
441.50      22.0
441.60      22.0
441.70      22.0
441.80      22.0
441.90      22.2
442.00      22.2
442.10      22.2
442.20      22.2
442.30      22.5
442.40      22.5
442.50      22.5
442.60      22.5
442.70      22.7
442.80      22.7
442.90      22.7
443.00      22.7
443.10      23.0
443.20      23.0
443.30      23.0
443.40      23.0
443.50      23.2
443.60      23.2
443.70      23.2
443.80      23.2
443.90      23.4
444.00      23.4
444.10      23.7
444.20      23.7
444.30      23.7
444.40      23.7
444.50      23.9
444.60      23.9
444.70      23.9
444.80      23.9
444.90      24.2
445.00      24.2
445.10      24.4
445.20      24.4
445.30      24.4
445.40      24.4
445.50      24.7
445.60      24.7
445.70      24.9
445.80      24.9
445.90      24.9
446.00      24.9
446.10      25.2
446.20      25.2
446.30      25.2
446.40      25.4
446.50      25.4
446.60      25.4
446.70      25.6
446.80      25.6
446.90      25.6
447.00      25.6
447.10      25.9
447.20      25.9
447.30      26.1
447.40      26.1
447.50      26.4
447.60      26.4
447.70      26.4
447.80      26.6
447.90      26.6
448.00      26.6
448.10      26.9
448.20      26.9
448.30      27.1
448.40      27.1
448.50      27.1
448.60      27.4
448.70      27.4
448.80      27.4
448.90      27.6
449.00      27.6
449.10      27.8
449.20      27.8
449.30      27.8
449.40      27.8
449.50      28.1
449.60      28.1
449.70      28.1
449.80      28.3
449.90      28.3
450.00      28.3
450.10      28.6
450.20      28.6
450.30      28.6
450.40      28.8
450.50      28.8
450.60      28.8
450.70      29.1
450.80      29.1
450.90      29.3
451.00      29.3
451.10      29.3
451.20      29.5
451.30      29.5
451.40      29.5
451.50      29.5
451.60      29.8
451.70      29.8
451.80      29.8
451.90      30.0
452.00      30.0
452.10      30.3
452.20      30.3
452.30      30.3
452.40      30.5
452.50      30.5
452.60      30.5
452.70      30.8
452.80      30.8
452.90      30.8
453.00      31.0
453.10      31.0
453.20      31.0
453.30      31.0
453.40      31.3
453.50      31.3
453.60      31.5
453.70      31.5
453.80      31.5
453.90      31.7
454.00      31.7
454.10      31.7
454.20      31.7
454.30      32.0
454.40      32.0
454.50      32.0
454.60      32.2
454.70      32.2
454.80      32.2
454.90      32.5
455.00      32.5
455.10      32.5
455.20      32.7
455.30      32.7
455.40      32.7
455.50      33.0
455.60      33.0
455.70      33.0
455.80      33.0
455.90      33.2
456.00      33.2
456.10      33.2
456.20      33.5
456.30      33.5
456.40      33.5
456.50      33.5
456.60      33.7
456.70      33.7
456.80      33.7
456.90      33.9
457.00      33.9
457.10      33.9
457.20      33.9
457.30      34.2
457.40      34.2
457.50      34.4
457.60      34.4
457.70      34.4
457.80      34.4
457.90      34.7
458.00      34.7
458.10      34.7
458.20      34.7
458.30      34.9
458.40      34.9
458.50      35.2
458.60      35.2
458.70      35.2
458.80      35.2
458.90      35.4
459.00      35.4
459.10      35.7
459.20      35.7
459.30      35.7
459.40      35.7
459.50      35.9
459.60      35.9
459.70      35.9
459.80      35.9
459.90      36.1
460.00      36.1
460.10      36.4
460.20      36.4
460.30      36.4
460.40      36.4
460.50      36.6
460.60      36.6
460.70      36.9
460.80      36.9
460.90      36.9
461.00      36.9
461.10      37.1
461.20      37.1
461.30      37.1
461.40      37.4
461.50      37.4
461.60      37.4
461.70      37.6
461.80      37.6
461.90      37.6
462.00      37.9
462.10      37.9
462.20      37.9
462.30      38.1
462.40      38.1
462.50      38.1
462.60      38.3
462.70      38.3
462.80      38.3
462.90      38.6
463.00      38.6
463.10      38.6
463.20      38.8
463.30      38.8
463.40      38.8
463.50      39.1
463.60      39.1
463.70      39.1
463.80      39.3
463.90      39.3
464.00      39.3
464.10      39.6
464.20      39.6
464.30      39.6
464.40      39.8
464.50      39.8
464.60      39.8
464.70      40.0
464.80      40.0
464.90      40.0
465.00      40.3
465.10      40.3
465.20      40.3
465.30      40.5
465.40      40.5
465.50      40.5
465.60      40.8
465.70      40.8
465.80      40.8
465.90      41.0
466.00      41.0
466.10      41.0
466.20      41.0
466.30      41.3
466.40      41.3
466.50      41.3
466.60      41.5
466.70      41.5
466.80      41.5
466.90      41.8
467.00      41.8
467.10      42.0
467.20      41.8
467.30      42.0
467.40      42.0
467.50      42.0
467.60      42.2
467.70      42.2
467.80      42.2
467.90      42.2
468.00      42.5
468.10      42.5
468.20      42.5
468.30      42.7
468.40      42.7
468.50      42.7
468.60      42.7
468.70      43.0
468.80      43.0
468.90      43.2
469.00      43.2
469.10      43.2
469.20      43.2
469.30      43.5
469.40      43.5
469.50      43.5
469.60      43.5
469.70      43.7
469.80      43.7
469.90      43.7
470.00      43.7
470.10      44.0
470.20      44.0
470.30      44.0
470.40      44.2
470.50      44.2
470.60      44.2
470.70      44.2
470.80      44.4
470.90      44.4
471.00      44.4
471.10      44.4
471.20      44.7
471.30      44.7
471.40      44.7
471.50      44.7
471.60      44.7
471.70      44.9
471.80      44.9
471.90      44.9
472.00      45.2
472.10      45.2
472.20      45.2
472.30      45.2
472.40      45.4
472.50      45.4
472.60      45.4
472.70      45.7
472.80      45.7
472.90      45.7
473.00      45.7
473.10      45.7
473.20      45.7
473.30      45.9
473.40      45.9
473.50      46.2
473.60      46.2
473.70      46.2
473.80      46.2
473.90      46.2
474.00      46.4
474.10      46.4
474.20      46.4
474.30      46.6
474.40      46.6
474.50      46.6
474.60      46.6
474.70      46.9
474.80      46.9
474.90      46.9
475.00      46.9
475.10      47.1
475.20      47.1
475.30      47.1
475.40      47.1
475.50      47.1
475.60      47.4
475.70      47.4
475.80      47.4
475.90      47.6
476.00      47.6
476.10      47.6
476.20      47.6
476.30      47.9
476.40      47.9
476.50      47.9
476.60      48.1
476.70      48.1
476.80      48.1
476.90      48.1
477.00      48.4
477.10      48.4
477.20      48.4
477.30      48.4
477.40      48.6
477.50      48.6
477.60      48.6
477.70      48.8
477.80      48.8
477.90      48.8
478.00      48.8
478.10      49.1
478.20      49.1
478.30      49.1
478.40      49.3
478.50      49.3
478.60      49.3
478.70      49.3
478.80      49.6
478.90      49.6
479.00      49.6
479.10      49.8
479.20      49.8
479.30      49.8
479.40      49.8
479.50      50.1
479.60      50.1
479.70      50.1
479.80      50.3
479.90      50.3
480.00      50.3
480.10      50.5
480.20      50.5
480.30      50.5
480.40      50.8
480.50      50.8
480.60      50.8
480.70      50.8
480.80      51.0
480.90      51.0
481.00      51.0
481.10      51.3
481.20      51.3
481.30      51.3
481.40      51.3
481.50      51.5
481.60      51.5
481.70      51.5
481.80      51.5
481.90      51.8
482.00      51.8
482.10      52.0
482.20      52.0
482.30      52.0
482.40      52.0
482.50      52.3
482.60      52.3
482.70      52.3
482.80      52.5
482.90      52.5
483.00      52.5
483.10      52.7
483.20      52.7
483.30      52.7
483.40      52.7
483.50      53.0
483.60      53.0
483.70      53.0
483.80      53.0
483.90      53.2
484.00      53.2
484.10      53.2
484.20      53.2
484.30      53.5
484.40      53.5
484.50      53.5
484.60      53.5
484.70      53.7
484.80      53.5
484.90      53.7
485.00      53.7
485.10      54.0
485.20      54.0
485.30      54.0
485.40      54.2
485.50      54.2
485.60      54.2
485.70      54.2
485.80      54.2
485.90      54.5
486.00      54.5
486.10      54.7
486.20      54.7
486.30      54.7
486.40      54.7
486.50      54.7
486.60      54.9
486.70      54.9
486.80      54.9
486.90      55.2
487.00      55.2
487.10      55.4
487.20      55.2
487.30      55.4
487.40      55.4
487.50      55.4
487.60      55.7
487.70      55.7
487.80      55.7
487.90      55.7
488.00      55.7
488.10      55.9
488.20      55.9
488.30      55.9
488.40      55.9
488.50      56.2
488.60      56.2
488.70      56.2
488.80      56.2
488.90      56.4
489.00      56.4
489.10      56.4
489.20      56.4
489.30      56.7
489.40      56.7
489.50      56.7
489.60      56.7
489.70      56.9
489.80      56.9
489.90      56.9
490.00      56.9
490.10      57.1
490.20      57.1
490.30      57.1
490.40      57.1
490.50      57.4
490.60      57.4
490.70      57.4
490.80      57.4
490.90      57.6
491.00      57.6
491.10      57.6
491.20      57.6
491.30      57.9
491.40      57.9
491.50      57.9
491.60      58.1
491.70      58.1
491.80      58.1
491.90      58.4
492.00      58.4
492.10      58.4
492.20      58.4
492.30      58.6
492.40      58.6
492.50      58.6
492.60      58.9
492.70      58.9
492.80      58.9
492.90      59.1
493.00      59.1
493.10      59.1
493.20      59.3
493.30      59.3
493.40      59.3
493.50      59.6
493.60      59.6
493.70      59.6
493.80      59.8
493.90      59.8
494.00      59.8
494.10      60.1
494.20      60.1
494.30      60.1
494.40      60.1
494.50      60.3
494.60      60.3
494.70      60.3
494.80      60.6
494.90      60.6
495.00      60.6
495.10      60.8
495.20      60.8
495.30      60.8
495.40      61.1
495.50      61.1
495.60      61.1
495.70      61.3
495.80      61.3
495.90      61.5
496.00      61.5
496.10      61.5
496.20      61.5
496.30      61.8
496.40      61.8
496.50      61.8
496.60      61.8
496.70      62.0
496.80      62.0
496.90      62.3
497.00      62.3
497.10      62.3
497.20      62.5
497.30      62.5
497.40      62.5
497.50      62.8
497.60      62.8
497.70      63.0
497.80      63.0
497.90      63.0
498.00      63.2
498.10      63.2
498.20      63.2
498.30      63.5
498.40      63.5
498.50      63.5
498.60      63.5
498.70      63.7
498.80      63.7
498.90      63.7
499.00      64.0
499.10      64.0
499.20      64.0
499.30      64.2
499.40      64.2
499.50      64.2
499.60      64.5
499.70      64.5
499.80      64.5
499.90      64.7
500.00      64.7
500.10      64.7
500.20      64.7
500.30      65.0
500.40      65.0
500.50      65.0
500.60      65.0
500.70      65.2
500.80      65.2
500.90      65.2
501.00      65.4
501.10      65.4
501.20      65.7
501.30      65.7
501.40      65.7
501.50      65.7
501.60      65.7
501.70      65.9
501.80      65.9
501.90      65.9
502.00      65.9
502.10      66.2
502.20      66.2
502.30      66.4
502.40      66.4
502.50      66.4
502.60      66.7
502.70      66.7
502.80      66.7
502.90      66.7
503.00      66.9
503.10      66.9
503.20      66.9
503.30      67.2
503.40      67.2
503.50      67.2
503.60      67.2
503.70      67.4
503.80      67.4
503.90      67.4
504.00      67.6
504.10      67.6
504.20      67.6
504.30      67.6
504.40      67.9
504.50      67.9
504.60      67.9
504.70      68.1
504.80      68.1
504.90      68.1
505.00      68.1
505.10      68.4
505.20      68.4
505.30      68.4
505.40      68.4
505.50      68.6
505.60      68.6
505.70      68.6
505.80      68.9
505.90      68.9
506.00      68.9
506.10      69.1
506.20      69.1
506.30      69.1
506.40      69.1
506.50      69.4
506.60      69.4
506.70      69.4
506.80      69.6
506.90      69.6
507.00      69.6
507.10      69.8
507.20      69.8
507.30      70.1
507.40      70.1
507.50      70.1
507.60      70.1
507.70      70.3
507.80      70.3
507.90      70.6
508.00      70.6
508.10      70.6
508.20      70.6
508.30      70.8
508.40      70.8
508.50      70.8
508.60      70.8
508.70      71.1
508.80      71.1
508.90      71.1
509.00      71.3
509.10      71.3
509.20      71.3
509.30      71.6
509.40      71.6
509.50      71.6
509.60      71.8
509.70      71.8
509.80      71.8
509.90      72.0
510.00      72.0
510.10      72.3
510.20      72.3
510.30      72.3
510.40      72.5
510.50      72.5
510.60      72.8
510.70      72.8
510.80      72.8
510.90      73.0
511.00      73.0
511.10      73.0
511.20      73.0
511.30      73.3
511.40      73.3
511.50      73.5
511.60      73.5
511.70      73.7
511.80      73.7
511.90      73.7
512.00      73.7
512.10      74.0
512.20      74.0
512.30      74.2
512.40      74.2
512.50      74.2
512.60      74.2
512.70      74.5
512.80      74.5
512.90      74.7
513.00      74.7
513.10      75.0
513.20      75.0
513.30      75.0
513.40      75.2
513.50      75.2
513.60      75.2
513.70      75.5
513.80      75.5
513.90      75.5
514.00      75.5
514.10      75.7
514.20      75.7
514.30      75.9
514.40      75.9
514.50      76.2
514.60      76.2
514.70      76.2
514.80      76.2
514.90      76.4
515.00      76.4
515.10      76.7
515.20      76.7
515.30      76.7
515.40      76.9
515.50      76.9
515.60      76.9
515.70      77.2
515.80      77.2
515.90      77.2
516.00      77.2
516.10      77.4
516.20      77.4
516.30      77.4
516.40      77.7
516.50      77.7
516.60      77.7
516.70      77.9
516.80      77.9
516.90      78.1
517.00      78.1
517.10      78.4
517.20      78.4
517.30      78.4
517.40      78.4
517.50      78.6
517.60      78.6
517.70      78.6
517.80      78.6
517.90      78.9
518.00      78.9
518.10      78.9
518.20      79.1
518.30      79.1
518.40      79.1
518.50      79.4
518.60      79.4
518.70      79.6
518.80      79.6
518.90      79.6
519.00      79.6
519.10      79.9
519.20      79.9
519.30      80.1
519.40      80.1
519.50      80.1
519.60      80.1
519.70      80.1
519.80      80.3
519.90      80.3
520.00      80.3
520.10      80.6
520.20      80.6
520.30      80.6
520.40      80.8
520.50      80.8
520.60      80.8
520.70      80.8
520.80      81.1
520.90      81.1
521.00      81.1
521.10      81.3
521.20      81.3
521.30      81.3
521.40      81.3
521.50      81.3
521.60      81.6
521.70      81.6
521.80      81.6
521.90      81.8
522.00      81.8
522.10      82.1
522.20      82.1
522.30      82.1
522.40      82.1
522.50      82.3
522.60      82.3
522.70      82.5
522.80      82.5
522.90      82.5
523.00      82.5
523.10      82.8
523.20      82.8
523.30      82.8
523.40      83.0
523.50      83.0
523.60      83.0
523.70      83.3
523.80      83.3
523.90      83.5
524.00      83.5
524.10      83.5
524.20      83.8
524.30      83.8
524.40      83.8
524.50      84.0
524.60      84.0
524.70      84.0
524.80      84.2
524.90      84.2
525.00      84.2
525.10      84.5
525.20      84.5
525.30      84.5
525.40      84.7
525.50      84.7
525.60      84.7
525.70      85.0
525.80      85.0
525.90      85.2
526.00      85.2
526.10      85.2
526.20      85.2
526.30      85.5
526.40      85.5
526.50      85.7
526.60      85.7
526.70      86.0
526.80      86.0
526.90      86.0
527.00      86.0
527.10      86.2
527.20      86.2
527.30      86.4
527.40      86.4
527.50      86.4
527.60      86.7
527.70      86.7
527.80      86.7
527.90      86.9
528.00      86.9
528.10      87.2
528.20      87.2
528.30      87.2
528.40      87.4
528.50      87.4
528.60      87.4
528.70      87.7
528.80      87.7
528.90      87.7
529.00      87.9
529.10      87.9
529.20      88.2
529.30      88.2
529.40      88.2
529.50      88.2
529.60      88.2
529.70      88.4
529.80      88.6
529.90      88.6
530.00      88.6
530.10      88.9
530.20      88.6
530.30      88.9
530.40      88.9
530.50      89.1
530.60      89.4
530.70      89.4
530.80      89.4
530.90      89.6
531.00      89.6
531.10      89.9
531.20      89.9
531.30      89.9
531.40      90.1
531.50      90.1
531.60      90.1
531.70      90.1
531.80      90.4
531.90      90.4
532.00      90.4
532.10      90.6
532.20      90.6
532.30      90.8
532.40      90.8
532.50      90.8
532.60      90.8
532.70      90.8
532.80      91.1
532.90      91.1
533.00      91.3
533.10      91.3
533.20      91.3
533.30      91.6
533.40      91.6
533.50      91.6
533.60      91.6
533.70      91.8
533.80      91.8
533.90      92.1
534.00      92.1
534.10      92.1
534.20      92.1
534.30      92.3
534.40      92.3
534.50      92.3
534.60      92.3
534.70      92.6
534.80      92.6
534.90      92.6
535.00      92.6
535.10      92.8
535.20      92.8
535.30      93.0
535.40      93.0
535.50      93.0
535.60      93.3
535.70      93.3
535.80      93.3
535.90      93.5
536.00      93.5
536.10      93.5
536.20      93.5
536.30      93.8
536.40      93.8
536.50      93.8
536.60      93.8
536.70      94.0
536.80      94.0
536.90      94.3
537.00      94.3
537.10      94.3
537.20      94.3
537.30      94.5
537.40      94.5
537.50      94.5
537.60      94.7
537.70      94.7
537.80      94.7
537.90      94.7
538.00      94.7
538.10      95.0
538.20      95.0
538.30      95.2
538.40      95.2
538.50      95.2
538.60      95.5
538.70      95.5
538.80      95.5
538.90      95.5
539.00      95.7
539.10      95.7
539.20      95.7
539.30      95.7
539.40      96.0
539.50      96.0
539.60      96.0
539.70      96.2
539.80      96.2
539.90      96.5
540.00      96.5
540.10      96.7
540.20      96.7
540.30      96.7
540.40      96.9
540.50      96.9
540.60      96.9
540.70      97.2
540.80      97.2
540.90      97.2
541.00      97.2
541.10      97.4
541.20      97.4
541.30      97.7
541.40      97.7
541.50      97.7
541.60      97.9
541.70      97.9
541.80      97.9
541.90      98.2
542.00      98.2
542.10      98.2
542.20      98.4
542.30      98.4
542.40      98.7
542.50      98.7
542.60      98.7
542.70      98.9
542.80      98.9
542.90      98.9
543.00      98.9
543.10      99.1
543.20      99.1
543.30      99.4
543.40      99.4
543.50      99.6
543.60      99.6
543.70      99.6
543.80      99.9
543.90      99.9
544.00      99.9
544.10      100.1
544.20      100.1
544.30      100.1
544.40      100.1
544.50      100.4
544.60      100.4
544.70      100.6
544.80      100.6
544.90      100.9
545.00      100.9
545.10      100.9
545.20      101.1
545.30      101.1
545.40      101.1
545.50      101.3
545.60      101.3
545.70      101.6
545.80      101.6
545.90      101.6
546.00      101.6
546.10      101.8
546.20      101.8
546.30      102.1
546.40      102.1
546.50      102.1
546.60      102.3
546.70      102.3
546.80      102.6
546.90      102.6
547.00      102.6
547.10      102.8
547.20      102.8
547.30      103.1
547.40      103.1
547.50      103.1
547.60      103.1
547.70      103.3
547.80      103.3
547.90      103.3
548.00      103.3
548.10      103.5
548.20      103.5
548.30      103.5
548.40      103.8
548.50      103.8
548.60      103.8
548.70      104.0
548.80      104.0
548.90      104.0
549.00      104.0
549.10      104.3
549.20      104.3
549.30      104.5
549.40      104.5
549.50      104.5
549.60      104.8
549.70      104.8
549.80      105.0
549.90      105.0
550.00      105.0
550.10      105.0
550.20      105.0
550.30      105.3
550.40      105.3
550.50      105.5
550.60      105.5
550.70      105.5
550.80      105.7
550.90      105.7
551.00      105.7
551.10      105.7
551.20      106.0
551.30      106.0
551.40      106.0
551.50      106.2
551.60      106.2
551.70      106.2
551.80      106.5
551.90      106.5
552.00      106.5
552.10      106.7
552.20      106.7
552.30      106.7
552.40      106.7
552.50      107.0
552.60      107.0
552.70      107.0
552.80      107.0
552.90      107.2
553.00      107.2
553.10      107.2
553.20      107.4
553.30      107.4
553.40      107.4
553.50      107.4
553.60      107.4
553.70      107.7
553.80      107.7
553.90      107.9
554.00      107.9
554.10      108.2
554.20      108.2
554.30      108.2
554.40      108.2
554.50      108.4
554.60      108.4
554.70      108.4
554.80      108.7
554.90      108.7
555.00      108.9
555.10      108.9
555.20      108.9
555.30      108.9
555.40      109.2
555.50      109.2
555.60      109.2
555.70      109.2
555.80      109.4
555.90      109.4
556.00      109.4
556.10      109.6
556.20      109.6
556.30      109.6
556.40      109.9
556.50      109.9
556.60      109.9
556.70      110.1
556.80      110.1
556.90      110.4
557.00      110.1
557.10      110.4
557.20      110.6
557.30      110.6
557.40      110.6
557.50      110.9
557.60      110.9
557.70      110.9
557.80      111.1
557.90      111.1
558.00      111.1
558.10      111.1
558.20      111.4
558.30      111.4
558.40      111.6
558.50      111.6
558.60      111.6
558.70      111.8
558.80      111.8
558.90      112.1
559.00      112.1
559.10      112.1
559.20      112.3
559.30      112.3
559.40      112.3
559.50      112.6
559.60      112.6
559.70      112.6
559.80      112.8
559.90      112.8
560.00      113.1
560.10      113.1
560.20      113.1
560.30      113.3
560.40      113.3
560.50      113.6
560.60      113.6
560.70      113.6
560.80      113.6
560.90      113.8
561.00      113.8
561.10      113.8
561.20      113.8
561.30      114.0
561.40      114.0
561.50      114.3
561.60      114.3
561.70      114.3
561.80      114.3
561.90      114.5
562.00      114.5
562.10      114.8
562.20      114.8
562.30      114.8
562.40      115.0
562.50      115.0
562.60      115.0
562.70      115.0
562.80      115.3
562.90      115.3
563.00      115.5
563.10      115.5
563.20      115.5
563.30      115.8
563.40      115.8
563.50      116.0
563.60      116.0
563.70      116.0
563.80      116.0
563.90      116.2
564.00      116.2
564.10      116.2
564.20      116.5
564.30      116.5
564.40      116.5
564.50      116.5
564.60      116.7
564.70      116.7
564.80      116.7
564.90      117.0
565.00      117.0
565.10      117.2
565.20      117.2
565.30      117.2
565.40      117.2
565.50      117.5
565.60      117.5
565.70      117.5
565.80      117.7
565.90      117.7
566.00      117.7
566.10      117.9
566.20      117.9
566.30      117.9
566.40      117.9
566.50      118.2
566.60      118.2
566.70      118.2
566.80      118.2
566.90      118.4
567.00      118.4
567.10      118.7
567.20      118.7
567.30      118.7
567.40      118.7
567.50      118.9
567.60      118.9
567.70      118.9
567.80      118.9
567.90      119.2
568.00      119.2
568.10      119.2
568.20      119.2
568.30      119.4
568.40      119.4
568.50      119.7
568.60      119.7
568.70      119.7
568.80      119.7
568.90      119.7
569.00      119.9
569.10      119.9
569.20      119.9
569.30      120.1
569.40      120.1
569.50      120.1
569.60      120.1
569.70      120.4
569.80      120.4
569.90      120.6
570.00      120.6
570.10      120.6
570.20      120.6
570.30      120.9
570.40      120.9
570.50      120.9
570.60      121.1
570.70      120.9
570.80      121.1
570.90      121.1
571.00      121.1
571.10      121.4
571.20      121.4
571.30      121.6
571.40      121.6
571.50      121.6
571.60      121.6
571.70      121.6
571.80      121.9
571.90      122.1
572.00      121.9
572.10      122.1
572.20      122.1
572.30      122.1
572.40      122.3
572.50      122.3
572.60      122.3
572.70      122.6
572.80      122.6
572.90      122.8
573.00      122.8
573.10      122.8
573.20      122.8
573.30      123.1
573.40      123.1
573.50      123.1
573.60      123.1
573.70      123.1
573.80      123.3
573.90      123.3
574.00      123.6
574.10      123.6
574.20      123.6
574.30      123.8
574.40      123.8
574.50      123.8
574.60      123.8
574.70      124.1
574.80      124.1
574.90      124.3
575.00      124.3
575.10      124.5
575.20      124.5
575.30      124.5
575.40      124.8
575.50      124.5
575.60      124.8
575.70      124.8
575.80      124.8
575.90      125.0
576.00      125.0
576.10      125.3
576.20      125.3
576.30      125.3
576.40      125.3
576.50      125.5
576.60      125.5
576.70      125.5
576.80      125.8
576.90      125.8
577.00      125.8
577.10      125.8
577.20      126.0
577.30      126.0
577.40      126.0
577.50      126.3
577.60      126.0
577.70      126.3
577.80      126.3
577.90      126.5
578.00      126.5
578.10      126.5
578.20      126.7
578.30      126.7
578.40      126.7
578.50      126.7
578.60      127.0
578.70      127.0
578.80      127.0
578.90      127.2
579.00      127.2
579.10      127.2
579.20      127.5
579.30      127.5
579.40      127.5
579.50      127.5
579.60      127.7
579.70      127.7
579.80      127.7
579.90      128.0
580.00      128.0
580.10      128.0
580.20      128.0
580.30      128.0
580.40      128.2
580.50      128.4
580.60      128.4
580.70      128.4
580.80      128.4
580.90      128.4
581.00      128.4
581.10      128.7
581.20      128.7
581.30      128.9
581.40      128.9
581.50      128.9
581.60      128.9
581.70      128.9
581.80      129.2
581.90      129.2
582.00      129.4
582.10      129.4
582.20      129.4
582.30      129.4
582.40      129.4
582.50      129.7
582.60      129.7
582.70      129.7
582.80      129.9
582.90      129.9
583.00      129.9
583.10      129.9
583.20      129.9
583.30      130.2
583.40      130.2
583.50      130.2
583.60      130.2
583.70      130.4
583.80      130.4
583.90      130.4
584.00      130.4
584.10      130.6
584.20      130.6
584.30      130.6
584.40      130.6
584.50      130.6
584.60      130.9
584.70      130.9
584.80      130.9
584.90      130.9
585.00      131.1
585.10      131.1
585.20      131.1
585.30      131.1
585.40      131.4
585.50      131.4
585.60      131.4
585.70      131.4
585.80      131.4
585.90      131.6
586.00      131.6
586.10      131.6
586.20      131.9
586.30      131.9
586.40      131.9
586.50      131.9
586.60      132.1
586.70      132.1
586.80      132.4
586.90      132.4
587.00      132.4
587.10      132.6
587.20      132.4
587.30      132.6
587.40      132.6
587.50      132.6
587.60      132.6
587.70      132.8
587.80      132.8
587.90      132.8
588.00      133.1
588.10      133.1
588.20      133.1
588.30      133.1
588.40      133.1
588.50      133.3
588.60      133.3
588.70      133.3
588.80      133.3
588.90      133.6
589.00      133.6
589.10      133.8
589.20      133.8
589.30      133.8
589.40      133.8
589.50      133.8
589.60      134.1
589.70      134.1
589.80      134.1
589.90      134.1
590.00      134.3
590.10      134.3
590.20      134.3
590.30      134.3
590.40      134.6
590.50      134.6
590.60      134.6
590.70      134.8
590.80      134.8
590.90      134.8
591.00      135.0
591.10      135.0
591.20      135.0
591.30      135.0
591.40      135.3
591.50      135.3
591.60      135.5
591.70      135.3
591.80      135.5
591.90      135.5
592.00      135.5
592.10      135.8
592.20      135.8
592.30      136.0
592.40      135.8
592.50      136.0
592.60      136.0
592.70      136.0
592.80      136.3
592.90      136.3
593.00      136.3
593.10      136.3
593.20      136.3
593.30      136.5
593.40      136.5
593.50      136.8
593.60      136.8
593.70      136.8
593.80      136.8
593.90      137.0
594.00      137.0
594.10      137.0
594.20      137.0
594.30      137.0
594.40      137.2
594.50      137.2
594.60      137.2
594.70      137.5
594.80      137.5
594.90      137.5
595.00      137.5
595.10      137.5
595.20      137.5
595.30      137.7
595.40      137.7
595.50      137.7
595.60      138.0
595.70      138.0
595.80      138.0
595.90      138.0
596.00      138.0
596.10      138.2
596.20      138.2
596.30      138.2
596.40      138.5
596.50      138.5
596.60      138.5
596.70      138.5
596.80      138.5
596.90      138.7
597.00      138.7
597.10      138.7
597.20      138.7
597.30      138.9
597.40      138.9
597.50      138.9
597.60      138.9
597.70      138.9
597.80      139.2
597.90      139.2
598.00      139.2
598.10      139.2
598.20      139.2
598.30      139.4
598.40      139.4
598.50      139.4
598.60      139.4
598.70      139.4
598.80      139.7
598.90      139.7
599.00      139.7
599.10      139.7
599.20      139.7
599.30      139.9
599.40      139.9
599.50      139.9
599.60      139.9
599.70      139.9
599.80      140.2
599.90      140.2
600.00      140.2
600.10      140.2
600.20      140.2
600.30      140.4
600.40      140.4
600.50      140.2
600.60      140.4
600.70      140.4
600.80      140.7
600.90      140.4
601.00      140.4
601.10      140.7
601.20      140.7
601.30      140.9
601.40      140.9
601.50      140.9
601.60      140.9
601.70      140.9
601.80      140.9
601.90      141.1
602.00      141.1
602.10      141.1
602.20      141.1
602.30      141.1
602.40      141.4
602.50      141.4
602.60      141.4
602.70      141.4
602.80      141.4
602.90      141.6
603.00      141.6
603.10      141.9
603.20      141.6
603.30      141.6
603.40      141.6
603.50      141.9
603.60      141.9
603.70      141.9
603.80      141.9
603.90      141.9
604.00      142.1
604.10      142.1
604.20      142.1
604.30      142.4
604.40      142.1
604.50      142.4
604.60      142.4
604.70      142.4
604.80      142.4
604.90      142.6
605.00      142.6
605.10      142.6
605.20      142.6
605.30      142.9
605.40      142.9
605.50      142.9
605.60      142.9
605.70      143.1
605.80      143.1
605.90      143.1
606.00      143.1
606.10      143.1
606.20      143.1
606.30      143.3
606.40      143.3
606.50      143.3
606.60      143.3
606.70      143.3
606.80      143.3
606.90      143.6
607.00      143.6
607.10      143.6
607.20      143.6
607.30      143.8
607.40      143.8
607.50      143.8
607.60      143.8
607.70      144.1
607.80      144.1
607.90      144.1
608.00      144.1
608.10      144.1
608.20      144.1
608.30      144.1
608.40      144.3
608.50      144.3
608.60      144.6
608.70      144.6
608.80      144.6
608.90      144.6
609.00      144.6
609.10      144.6
609.20      144.8
609.30      144.8
609.40      144.8
609.50      144.8
609.60      144.8
609.70      144.8
609.80      145.1
609.90      145.1
610.00      145.1
610.10      145.1
610.20      145.1
610.30      145.3
610.40      145.3
610.50      145.3
610.60      145.3
610.70      145.3
610.80      145.5
610.90      145.5
611.00      145.5
611.10      145.8
611.20      145.8
611.30      145.8
611.40      145.8
611.50      145.8
611.60      145.8
611.70      145.8
611.80      146.0
611.90      145.8
612.00      146.0
612.10      146.3
612.20      146.3
612.30      146.3
612.40      146.3
612.50      146.3
612.60      146.3
612.70      146.5
612.80      146.3
612.90      146.5
613.00      146.5
613.10      146.5
613.20      146.5
613.30      146.5
613.40      146.8
613.50      146.8
613.60      146.8
613.70      146.8
613.80      146.8
613.90      147.0
614.00      147.0
614.10      147.0
614.20      147.0
614.30      147.0
614.40      147.0
614.50      147.0
614.60      147.0
614.70      147.3
614.80      147.3
614.90      147.3
615.00      147.3
615.10      147.3
615.20      147.3
615.30      147.5
615.40      147.5
615.50      147.5
615.60      147.5
615.70      147.5
615.80      147.5
615.90      147.7
616.00      147.7
616.10      147.7
616.20      147.7
616.30      147.7
616.40      147.7
616.50      147.7
616.60      147.7
616.70      147.7
616.80      147.7
616.90      148.0
617.00      148.0
617.10      148.0
617.20      148.0
617.30      148.0
617.40      148.0
617.50      148.2
617.60      148.2
617.70      148.2
617.80      148.2
617.90      148.2
618.00      148.2
618.10      148.2
618.20      148.5
618.30      148.2
618.40      148.5
618.50      148.5
618.60      148.7
618.70      148.7
618.80      148.7
618.90      148.7
619.00      148.7
619.10      148.7
619.20      148.7
619.30      149.0
619.40      148.7
619.50      148.7
619.60      149.0
619.70      149.0
619.80      149.0
619.90      149.0
620.00      149.0
620.10      149.0
620.20      149.0
620.30      149.0
620.40      149.2
620.50      149.2
620.60      149.2
620.70      149.2
620.80      149.2
620.90      149.2
621.00      149.2
621.10      149.5
621.20      149.5
621.30      149.5
621.40      149.7
621.50      149.5
621.60      149.7
621.70      149.7
621.80      149.7
621.90      149.7
622.00      149.7
622.10      149.9
622.20      149.7
622.30      149.9
622.40      149.9
622.50      149.9
622.60      149.9
622.70      149.9
622.80      149.9
622.90      150.2
623.00      150.2
623.10      149.9
623.20      149.9
623.30      150.2
623.40      150.2
623.50      150.2
623.60      150.2
623.70      150.2
623.80      150.2
623.90      150.4
624.00      150.4
624.10      150.4
624.20      150.4
624.30      150.7
624.40      150.7
624.50      150.4
624.60      150.7
624.70      150.7
624.80      150.7
624.90      150.7
625.00      150.7
625.10      150.7
625.20      150.9
625.30      150.9
625.40      150.9
625.50      150.9
625.60      150.9
625.70      151.2
625.80      150.9
625.90      150.9
626.00      150.9
626.10      150.9
626.20      150.9
626.30      151.2
626.40      151.2
626.50      151.2
626.60      151.2
626.70      151.4
626.80      151.4
626.90      151.4
627.00      151.4
627.10      151.4
627.20      151.4
627.30      151.4
627.40      151.4
627.50      151.6
627.60      151.6
627.70      151.6
627.80      151.6
627.90      151.6
628.00      151.6
628.10      151.6
628.20      151.6
628.30      151.6
628.40      151.9
628.50      151.9
628.60      151.9
628.70      151.9
628.80      151.9
628.90      151.9
629.00      151.9
629.10      151.9
629.20      151.9
629.30      151.9
629.40      151.9
629.50      152.1
629.60      152.1
629.70      152.1
629.80      152.1
629.90      152.1
630.00      152.1
630.10      152.1
630.20      152.1
630.30      152.4
630.40      152.1
630.50      152.4
630.60      152.4
630.70      152.4
630.80      152.6
630.90      152.6
631.00      152.6
631.10      152.6
631.20      152.6
631.30      152.6
631.40      152.6
631.50      152.6
631.60      152.6
631.70      152.6
631.80      152.6
631.90      152.6
632.00      152.6
632.10      152.6
632.20      152.6
632.30      152.9
632.40      152.9
632.50      152.9
632.60      152.9
632.70      152.9
632.80      152.9
632.90      153.1
633.00      153.1
633.10      153.1
633.20      153.1
633.30      153.1
633.40      152.9
633.50      152.9
633.60      153.1
633.70      153.1
633.80      153.1
633.90      153.1
634.00      153.1
634.10      153.1
634.20      153.1
634.30      153.4
634.40      153.4
634.50      153.4
634.60      153.4
634.70      153.4
634.80      153.4
634.90      153.4
635.00      153.4
635.10      153.6
635.20      153.4
635.30      153.6
635.40      153.6
635.50      153.4
635.60      153.6
635.70      153.4
635.80      153.6
635.90      153.6
636.00      153.6
636.10      153.6
636.20      153.6
636.30      153.8
636.40      153.6
636.50      153.8
636.60      153.6
636.70      153.8
636.80      153.8
636.90      153.8
637.00      153.8
637.10      153.8
637.20      153.8
637.30      153.8
637.40      154.1
637.50      153.8
637.60      153.8
637.70      154.1
637.80      154.1
637.90      154.1
638.00      154.1
638.10      154.1
638.20      154.1
638.30      154.1
638.40      154.1
638.50      154.1
638.60      154.3
638.70      154.1
638.80      154.3
638.90      154.3
639.00      154.3
639.10      154.3
639.20      154.3
639.30      154.3
639.40      154.3
639.50      154.3
639.60      154.3
639.70      154.3
639.80      154.6
639.90      154.6
640.00      154.6
640.10      154.6
640.20      154.6
640.30      154.6
640.40      154.6
640.50      154.6
640.60      154.8
640.70      154.8
640.80      154.8
640.90      154.8
641.00      154.6
641.10      154.8
641.20      154.8
641.30      154.8
641.40      154.8
641.50      155.1
641.60      154.8
641.70      155.1
641.80      155.1
641.90      155.1
642.00      155.1
642.10      155.1
642.20      155.1
642.30      155.1
642.40      155.1
642.50      155.1
642.60      154.8
642.70      155.1
642.80      155.1
642.90      155.3
643.00      155.1
643.10      155.3
643.20      155.3
643.30      155.3
643.40      155.3
643.50      155.3
643.60      155.6
643.70      155.3
643.80      155.3
643.90      155.3
644.00      155.3
644.10      155.3
644.20      155.3
644.30      155.6
644.40      155.3
644.50      155.6
644.60      155.3
644.70      155.6
644.80      155.6
644.90      155.6
645.00      155.6
645.10      155.6
645.20      155.6
645.30      155.6
645.40      155.6
645.50      155.6
645.60      155.6
645.70      155.6
645.80      155.6
645.90      155.6
646.00      155.6
646.10      155.6
646.20      155.6
646.30      155.6
646.40      155.6
646.50      155.6
646.60      155.6
646.70      155.6
646.80      155.6
646.90      155.8
647.00      155.8
647.10      155.8
647.20      155.8
647.30      155.8
647.40      155.8
647.50      155.8
647.60      155.8
647.70      155.8
647.80      155.8
647.90      156.0
648.00      155.8
648.10      155.8
648.20      155.8
648.30      155.8
648.40      156.0
648.50      156.0
648.60      156.0
648.70      156.0
648.80      156.0
648.90      156.0
649.00      156.0
649.10      156.0
649.20      156.0
649.30      156.0
649.40      156.0
649.50      156.0
649.60      156.0
649.70      156.0
649.80      156.0
649.90      156.0
650.00      156.0
650.10      156.0
650.20      156.3
650.30      156.3
650.40      156.0
650.50      156.3
650.60      156.0
650.70      156.3
650.80      156.3
650.90      156.3
651.00      156.3
651.10      156.3
651.20      156.3
651.30      156.3
651.40      156.3
651.50      156.3
651.60      156.3
651.70      156.3
651.80      156.3
651.90      156.5
652.00      156.5
652.10      156.5
652.20      156.3
652.30      156.5
652.40      156.5
652.50      156.5
652.60      156.5
652.70      156.5
652.80      156.5
652.90      156.5
653.00      156.5
653.10      156.5
653.20      156.5
653.30      156.5
653.40      156.5
653.50      156.5
653.60      156.5
653.70      156.8
653.80      156.5
653.90      156.5
654.00      156.5
654.10      156.5
654.20      156.5
654.30      156.8
654.40      156.8
654.50      156.8
654.60      156.8
654.70      156.5
654.80      156.5
654.90      156.8
655.00      156.8
655.10      156.8
655.20      156.8
655.30      156.8
655.40      156.5
655.50      156.8
655.60      156.8
655.70      156.8
655.80      156.8
655.90      156.8
656.00      156.8
656.10      156.8
656.20      156.8
656.30      156.8
656.40      156.8
656.50      156.8
656.60      156.8
656.70      156.8
656.80      156.8
656.90      156.8
657.00      156.8
657.10      156.8
657.20      156.8
657.30      156.8
657.40      157.0
657.50      156.8
657.60      156.8
657.70      156.8
657.80      157.0
657.90      156.8
658.00      157.0
658.10      157.0
658.20      157.0
658.30      157.0
658.40      156.8
658.50      157.0
658.60      156.8
658.70      156.8
658.80      156.8
658.90      157.0
659.00      157.0
659.10      156.8
659.20      157.0
659.30      156.8
659.40      157.0
659.50      157.0
659.60      157.0
659.70      157.0
659.80      157.0
659.90      157.0
660.00      157.0
660.10      157.0
660.20      157.0
660.30      157.0
660.40      157.0
660.50      157.0
660.60      157.0
660.70      157.0
660.80      157.0
660.90      157.0
661.00      157.3
661.10      157.3
661.20      157.0
661.30      157.0
661.40      157.0
661.50      157.3
661.60      157.0
661.70      157.3
661.80      157.0
661.90      157.3
662.00      157.0
662.10      157.3
662.20      157.0
662.30      157.3
662.40      157.3
662.50      157.0
662.60      157.3
662.70      157.3
662.80      157.3
662.90      157.3
663.00      157.3
663.10      157.3
663.20      157.3
663.30      157.3
663.40      157.3
663.50      157.3
663.60      157.3
663.70      157.3
663.80      157.3
663.90      157.3
664.00      157.3
664.10      157.3
664.20      157.3
664.30      157.0
664.40      157.3
664.50      157.0
664.60      157.0
664.70      157.3
664.80      157.3
664.90      157.3
665.00      157.0
665.10      157.0
665.20      157.3
665.30      157.3
665.40      157.3
665.50      157.3
665.60      157.3
665.70      157.3
665.80      157.3
665.90      157.3
666.00      157.3
666.10      157.3
666.20      157.3
666.30      157.5
666.40      157.3
666.50      157.3
666.60      157.3
666.70      157.3
666.80      157.3
666.90      157.3
667.00      157.3
667.10      157.3
667.20      157.3
667.30      157.3
667.40      157.3
667.50      157.3
667.60      157.3
667.70      157.3
667.80      157.3
667.90      157.3
668.00      157.3
668.10      157.3
668.20      157.3
668.30      157.3
668.40      157.3
668.50      157.3
668.60      157.3
668.70      157.3
668.80      157.0
668.90      157.0
669.00      157.3
669.10      157.3
669.20      157.3
669.30      157.3
669.40      157.3
669.50      157.3
669.60      157.3
669.70      157.3
669.80      157.3
669.90      157.3
670.00      157.3
670.10      157.3
670.20      157.3
670.30      157.3
670.40      157.3
670.50      157.3
670.60      157.3
670.70      157.3
670.80      157.3
670.90      157.3
671.00      157.3
671.10      157.3
671.20      157.3
671.30      157.3
671.40      157.3
671.50      157.3
671.60      157.3
671.70      157.3
671.80      157.3
671.90      157.3
672.00      157.3
672.10      157.3
672.20      157.3
672.30      157.3
672.40      157.3
672.50      157.3
672.60      157.0
672.70      157.0
672.80      157.0
672.90      157.3
673.00      157.0
673.10      157.0
673.20      157.3
673.30      157.0
673.40      157.3
673.50      157.3
673.60      157.3
673.70      157.3
673.80      157.3
673.90      157.0
674.00      157.3
674.10      157.3
674.20      157.0
674.30      157.3
674.40      157.0
674.50      157.0
674.60      157.0
674.70      157.0
674.80      157.0
674.90      157.0
675.00      157.0
675.10      157.0
675.20      157.0
675.30      157.0
675.40      157.0
675.50      157.0
675.60      157.0
675.70      157.0
675.80      157.0
675.90      157.0
676.00      157.0
676.10      157.0
676.20      157.0
676.30      157.3
676.40      157.0
676.50      157.0
676.60      157.0
676.70      157.0
676.80      157.0
676.90      157.0
677.00      157.0
677.10      157.0
677.20      157.0
677.30      157.0
677.40      157.0
677.50      157.0
677.60      157.0
677.70      157.0
677.80      157.0
677.90      157.0
678.00      157.0
678.10      157.0
678.20      157.0
678.30      156.8
678.40      156.8
678.50      156.8
678.60      156.8
678.70      156.8
678.80      156.8
678.90      157.0
679.00      156.8
679.10      156.8
679.20      156.8
679.30      156.8
679.40      156.8
679.50      156.8
679.60      156.8
679.70      156.8
679.80      156.8
679.90      156.8
680.00      156.5
680.10      156.5
680.20      156.8
680.30      156.8
680.40      156.8
680.50      156.8
680.60      156.5
680.70      156.8
680.80      156.5
680.90      156.5
681.00      156.5
681.10      156.8
681.20      156.5
681.30      156.5
681.40      156.5
681.50      156.5
681.60      156.5
681.70      156.5
681.80      156.5
681.90      156.5
682.00      156.5
682.10      156.5
682.20      156.5
682.30      156.5
682.40      156.5
682.50      156.5
682.60      156.5
682.70      156.3
682.80      156.3
682.90      156.3
683.00      156.3
683.10      156.3
683.20      156.3
683.30      156.3
683.40      156.3
683.50      156.3
683.60      156.3
683.70      156.3
683.80      156.0
683.90      156.3
684.00      156.0
684.10      156.3
684.20      156.0
684.30      156.0
684.40      156.0
684.50      156.0
684.60      156.0
684.70      156.0
684.80      156.0
684.90      156.0
685.00      156.0
685.10      156.0
685.20      156.0
685.30      156.0
685.40      155.8
685.50      155.8
685.60      155.8
685.70      155.8
685.80      155.6
685.90      155.6
686.00      155.8
686.10      155.6
686.20      155.8
686.30      155.8
686.40      155.6
686.50      155.6
686.60      155.6
686.70      155.3
686.80      155.3
686.90      155.3
687.00      155.3
687.10      155.3
687.20      155.3
687.30      155.3
687.40      155.1
687.50      155.1
687.60      155.1
687.70      155.1
687.80      155.1
687.90      155.1
688.00      154.8
688.10      155.1
688.20      154.8
688.30      154.8
688.40      155.1
688.50      154.8
688.60      154.8
688.70      154.8
688.80      154.6
688.90      154.6
689.00      154.6
689.10      154.6
689.20      154.3
689.30      154.3
689.40      154.3
689.50      154.1
689.60      154.1
689.70      153.8
689.80      153.8
689.90      153.8
690.00      153.6
690.10      153.8
690.20      153.6
690.30      153.4
690.40      153.4
690.50      153.4
690.60      153.4
690.70      153.1
690.80      152.9
690.90      152.9
691.00      152.9
691.10      152.6
691.20      152.4
691.30      152.4
691.40      152.1
691.50      152.1
691.60      151.9
691.70      151.9
691.80      151.6
691.90      151.4
692.00      151.2
692.10      150.9
692.20      150.7
692.30      150.4
692.40      150.2
692.50      149.7
692.60      149.5
692.70      149.2
692.80      149.2
692.90      149.2
693.00      149.5
693.10      149.7
693.20      149.9
693.30      150.4
693.40      150.7
693.50      151.2
693.60      151.4
693.70      151.9
693.80      152.1
693.90      152.6
694.00      152.9
694.10      153.1
694.20      153.6
694.30      153.8
694.40      154.3
694.50      154.6
694.60      154.8
694.70      155.3
694.80      155.6
694.90      155.8
695.00      156.0
695.10      156.5
695.20      156.8
695.30      157.3
695.40      157.5
695.50      158.0
695.60      158.2
695.70      158.7
695.80      159.0
695.90      159.2
696.00      159.7
696.10      160.0
696.20      160.4
696.30      160.7
696.40      160.9
696.50      161.4
696.60      161.9
696.70      162.4
696.80      162.6
696.90      162.9
697.00      163.4
697.10      163.6
697.20      164.1
697.30      164.3
697.40      164.8
697.50      165.3
697.60      165.8
697.70      166.1
697.80      166.5
697.90      166.8
698.00      167.3
698.10      167.8
698.20      168.3
698.30      168.7
698.40      169.0
698.50      169.5
698.60      170.0
698.70      170.5
698.80      171.2
698.90      171.4
699.00      172.2
699.10      172.6
699.20      173.1
699.30      173.6
699.40      174.1
699.50      174.6
699.60      175.1
699.70      175.8
699.80      176.1
699.90      176.8
700.00      177.3
