400.00      21.4
400.10      21.4
400.20      21.4
400.30      21.4
400.40      21.4
400.50      21.4
400.60      21.4
400.70      21.4
400.80      21.4
400.90      20.7
401.00      21.4
401.10      20.7
401.20      20.7
401.30      20.7
401.40      20.7
401.50      20.7
401.60      20.7
401.70      20.7
401.80      20.7
401.90      20.7
402.00      20.7
402.10      20.0
402.20      20.0
402.30      20.0
402.40      20.0
402.50      20.0
402.60      20.0
402.70      20.0
402.80      20.0
402.90      20.0
403.00      20.0
403.10      19.4
403.20      19.4
403.30      19.4
403.40      19.4
403.50      19.4
403.60      19.4
403.70      19.4
403.80      19.4
403.90      19.4
404.00      19.4
404.10      19.4
404.20      19.4
404.30      18.8
404.40      19.4
404.50      18.8
404.60      18.8
404.70      18.8
404.80      18.8
404.90      18.8
405.00      18.8
405.10      18.8
405.20      18.8
405.30      18.8
405.40      18.8
405.50      18.2
405.60      18.8
405.70      18.2
405.80      18.2
405.90      18.2
406.00      18.2
406.10      18.2
406.20      18.2
406.30      18.2
406.40      15.2
406.50      18.2
406.60      18.2
406.70      18.2
406.80      18.2
406.90      17.6
407.00      17.6
407.10      17.6
407.20      14.7
407.30      17.6
407.40      14.7
407.50      17.6
407.60      17.6
407.70      17.6
407.80      17.6
407.90      17.1
408.00      14.7
408.10      17.1
408.20      14.7
408.30      17.1
408.40      17.1
408.50      17.1
408.60      14.3
408.70      17.1
408.80      14.3
408.90      17.1
409.00      14.3
409.10      17.1
409.20      17.1
409.30      16.7
409.40      16.7
409.50      16.7
409.60      13.9
409.70      16.7
409.80      13.9
409.90      16.7
410.00      16.7
410.10      16.7
410.20      13.9
410.30      16.2
410.40      13.9
410.50      16.2
410.60      16.2
410.70      16.2
410.80      16.2
410.90      16.2
411.00      16.2
411.10      16.2
411.20      13.5
411.30      16.2
411.40      13.5
411.50      15.8
411.60      15.8
411.70      15.8
411.80      13.2
411.90      15.8
412.00      13.2
412.10      15.8
412.20      13.2
412.30      15.8
412.40      15.8
412.50      15.4
412.60      12.8
412.70      15.4
412.80      12.8
412.90      15.4
413.00      15.4
413.10      15.4
413.20      15.4
413.30      15.0
413.40      12.5
413.50      15.0
413.60      12.5
413.70      15.0
413.80      12.5
413.90      15.0
414.00      15.0
414.10      14.6
414.20      12.2
414.30      14.6
414.40      12.2
414.50      14.6
414.60      14.6
414.70      14.6
414.80      14.6
414.90      14.3
415.00      11.9
415.10      14.3
415.20      11.9
415.30      14.3
415.40      11.9
415.50      14.3
415.60      14.3
415.70      14.0
415.80      11.9
415.90      14.0
416.00      11.6
416.10      14.0
416.20      11.6
416.30      14.0
416.40      11.6
416.50      13.6
416.60      11.4
416.70      13.6
416.80      11.4
416.90      13.6
417.00      11.4
417.10      13.6
417.20      11.4
417.30      13.3
417.40      11.1
417.50      13.3
417.60      11.1
417.70      13.3
417.80      11.1
417.90      13.3
418.00      11.1
418.10      13.0
418.20      10.9
418.30      13.0
418.40      10.9
418.50      13.0
418.60      13.0
418.70      13.0
418.80      13.0
418.90      12.8
419.00      10.6
419.10      12.8
419.20      10.6
419.30      12.8
419.40      10.6
419.50      12.5
419.60      10.6
419.70      12.5
419.80      10.4
419.90      12.5
420.00      10.4
420.10      12.5
420.20      10.4
420.30      12.2
420.40      10.2
420.50      12.2
420.60      10.2
420.70      12.2
420.80      10.2
420.90      12.2
421.00      10.2
421.10      12.2
421.20      10.2
421.30      12.0
421.40      10.0
421.50      12.0
421.60      10.0
421.70      12.0
421.80      12.0
421.90      11.8
422.00      11.8
422.10      11.8
422.20      9.8
422.30      11.8
422.40      9.8
422.50      11.8
422.60      11.8
422.70      11.8
422.80      9.6
422.90      11.5
423.00      9.6
423.10      11.5
423.20      9.6
423.30      11.5
423.40      11.5
423.50      11.3
423.60      9.4
423.70      11.3
423.80      9.4
423.90      11.3
424.00      9.4
424.10      11.3
424.20      11.3
424.30      11.1
424.40      9.3
424.50      11.1
424.60      9.3
424.70      11.1
424.80      9.3
424.90      10.9
425.00      11.1
425.10      10.9
425.20      9.1
425.30      10.9
425.40      9.1
425.50      10.9
425.60      10.9
425.70      10.7
425.80      10.7
425.90      10.7
426.00      8.9
426.10      10.7
426.20      8.9
426.30      10.7
426.40      8.9
426.50      10.5
426.60      10.5
426.70      10.5
426.80      8.8
426.90      10.5
427.00      8.8
427.10      10.3
427.20      8.6
427.30      10.3
427.40      10.3
427.50      10.3
427.60      8.6
427.70      10.2
427.80      8.5
427.90      10.2
428.00      8.5
428.10      10.2
428.20      10.2
428.30      10.0
428.40      8.3
428.50      10.0
428.60      8.3
428.70      10.0
428.80      10.0
428.90      9.8
429.00      8.2
429.10      9.8
429.20      8.2
429.30      9.8
429.40      8.2
429.50      9.7
429.60      8.1
429.70      9.7
429.80      9.7
429.90      9.5
430.00      7.9
430.10      9.5
430.20      7.9
430.30      9.5
430.40      9.5
430.50      9.4
430.60      9.4
430.70      9.4
430.80      7.8
430.90      9.2
431.00      7.7
431.10      9.2
431.20      9.2
431.30      9.2
431.40      9.2
431.50      9.1
431.60      7.6
431.70      9.1
431.80      7.6
431.90      9.0
432.00      9.0
432.10      9.0
432.20      9.0
432.30      8.8
432.40      7.4
432.50      8.8
432.60      7.4
432.70      8.8
432.80      8.8
432.90      8.7
433.00      8.7
433.10      8.7
433.20      7.2
433.30      8.6
433.40      7.1
433.50      8.6
433.60      8.6
433.70      8.5
433.80      7.0
433.90      8.5
434.00      7.0
434.10      8.3
434.20      6.9
434.30      8.3
434.40      8.3
434.50      8.3
434.60      8.2
434.70      8.2
434.80      6.8
434.90      8.1
435.00      6.8
435.10      8.1
435.20      8.1
435.30      8.0
435.40      6.7
435.50      8.0
435.60      6.7
435.70      7.9
435.80      6.6
435.90      7.9
436.00      7.9
436.10      7.8
436.20      6.5
436.30      7.8
436.40      6.5
436.50      7.8
436.60      7.7
436.70      7.7
436.80      7.7
436.90      7.7
437.00      6.3
437.10      7.6
437.20      6.3
437.30      7.6
437.40      6.3
437.50      7.5
437.60      7.5
437.70      7.5
437.80      6.3
437.90      7.4
438.00      6.2
438.10      7.4
438.20      6.2
438.30      7.3
438.40      6.1
438.50      7.3
438.60      6.1
438.70      7.2
438.80      6.0
438.90      7.2
439.00      6.0
439.10      7.1
439.20      7.1
439.30      7.1
439.40      5.9
439.50      7.1
439.60      5.9
439.70      7.1
439.80      5.9
439.90      7.0
440.00      7.0
440.10      7.0
440.20      5.7
440.30      6.9
440.40      5.7
440.50      6.9
440.60      5.7
440.70      6.8
440.80      6.8
440.90      6.7
441.00      5.6
441.10      6.7
441.20      5.6
441.30      6.7
441.40      5.6
441.50      6.7
441.60      5.6
441.70      6.7
441.80      5.6
441.90      6.6
442.00      5.5
442.10      6.6
442.20      5.5
442.30      6.5
442.40      6.5
442.50      6.5
442.60      5.4
442.70      6.5
442.80      5.4
442.90      6.5
443.00      5.4
443.10      6.4
443.20      5.3
443.30      6.4
443.40      5.3
443.50      6.3
443.60      5.3
443.70      6.3
443.80      5.3
443.90      6.3
444.00      5.2
444.10      6.2
444.20      5.2
444.30      6.2
444.40      5.2
444.50      6.1
444.60      5.1
444.70      6.1
444.80      5.1
444.90      6.1
445.00      5.1
445.10      6.0
445.20      5.0
445.30      6.0
445.40      6.0
445.50      5.9
445.60      5.0
445.70      5.9
445.80      4.9
445.90      5.9
446.00      4.9
446.10      5.8
446.20      5.8
446.30      5.8
446.40      4.8
446.50      5.8
446.60      4.8
446.70      5.7
446.80      4.8
446.90      5.7
447.00      5.7
447.10      5.7
447.20      4.7
447.30      5.6
447.40      4.7
447.50      5.6
447.60      4.6
447.70      5.6
447.80      5.5
447.90      5.5
448.00      4.6
448.10      5.5
448.20      4.5
448.30      5.4
448.40      4.5
448.50      5.4
448.60      4.5
448.70      5.4
448.80      4.5
448.90      5.3
449.00      4.4
449.10      5.3
449.20      4.4
449.30      5.3
449.40      4.4
449.50      5.2
449.60      4.3
449.70      5.2
449.80      4.3
449.90      5.2
450.00      4.3
450.10      5.1
450.20      5.1
450.30      5.1
450.40      4.2
450.50      5.1
450.60      4.2
450.70      5.0
450.80      4.2
450.90      5.0
451.00      5.0
451.10      5.0
451.20      4.1
451.30      5.0
451.40      4.1
451.50      5.0
451.60      4.9
451.70      4.9
451.80      4.9
451.90      4.9
452.00      4.1
452.10      4.8
452.20      4.0
452.30      4.8
452.40      4.8
452.50      4.8
452.60      4.8
452.70      4.8
452.80      4.0
452.90      4.8
453.00      3.9
453.10      4.7
453.20      3.9
453.30      4.7
453.40      3.9
453.50      4.7
453.60      3.9
453.70      4.7
453.80      3.9
453.90      4.6
454.00      3.8
454.10      4.6
454.20      3.8
454.30      4.6
454.40      3.8
454.50      4.6
454.60      3.8
454.70      4.5
454.80      3.8
454.90      4.5
455.00      3.8
455.10      4.5
455.20      3.7
455.30      4.5
455.40      3.7
455.50      4.4
455.60      3.7
455.70      4.4
455.80      3.7
455.90      4.4
456.00      3.7
456.10      4.4
456.20      3.6
456.30      4.4
456.40      3.6
456.50      4.4
456.60      3.6
456.70      4.3
456.80      3.6
456.90      4.3
457.00      3.6
457.10      4.3
457.20      3.6
457.30      4.3
457.40      3.6
457.50      4.3
457.60      3.5
457.70      4.3
457.80      3.5
457.90      4.2
458.00      3.5
458.10      4.2
458.20      3.5
458.30      4.2
458.40      3.5
458.50      4.2
458.60      3.5
458.70      4.2
458.80      3.5
458.90      4.1
459.00      3.4
459.10      4.1
459.20      3.4
459.30      4.1
459.40      3.4
459.50      4.1
459.60      3.4
459.70      4.1
459.80      3.4
459.90      4.1
460.00      3.4
460.10      4.0
460.20      3.4
460.30      4.0
460.40      3.4
460.50      4.0
460.60      3.3
460.70      4.0
460.80      3.3
460.90      4.0
461.00      3.3
461.10      3.9
461.20      3.3
461.30      3.9
461.40      3.3
461.50      3.9
461.60      3.3
461.70      3.9
461.80      3.2
461.90      3.9
462.00      3.2
462.10      3.9
462.20      3.2
462.30      3.8
462.40      3.2
462.50      3.8
462.60      3.2
462.70      3.8
462.80      3.2
462.90      3.8
463.00      3.2
463.10      3.8
463.20      3.1
463.30      3.8
463.40      3.1
463.50      3.8
463.60      3.1
463.70      3.8
463.80      3.1
463.90      3.7
464.00      3.1
464.10      3.7
464.20      3.1
464.30      3.7
464.40      3.1
464.50      3.7
464.60      3.1
464.70      3.7
464.80      3.0
464.90      3.7
465.00      3.0
465.10      3.6
465.20      3.0
465.30      3.6
465.40      3.0
465.50      3.6
465.60      3.0
465.70      3.6
465.80      3.0
465.90      3.6
466.00      3.0
466.10      3.6
466.20      3.0
466.30      3.6
466.40      3.0
466.50      3.6
466.60      2.9
466.70      3.5
466.80      2.9
466.90      3.5
467.00      2.9
467.10      3.5
467.20      2.9
467.30      3.5
467.40      2.9
467.50      3.5
467.60      2.9
467.70      3.5
467.80      2.9
467.90      3.5
468.00      2.9
468.10      3.4
468.20      2.9
468.30      3.4
468.40      2.9
468.50      3.4
468.60      2.9
468.70      3.4
468.80      2.8
468.90      3.4
469.00      2.8
469.10      3.4
469.20      2.8
469.30      3.4
469.40      2.8
469.50      3.4
469.60      2.8
469.70      3.4
469.80      2.8
469.90      3.4
470.00      2.8
470.10      3.3
470.20      2.8
470.30      3.3
470.40      2.8
470.50      3.3
470.60      2.8
470.70      3.3
470.80      2.7
470.90      3.3
471.00      2.7
471.10      2.7
471.20      2.7
471.30      3.3
471.40      2.7
471.50      3.3
471.60      2.7
471.70      3.3
471.80      2.7
471.90      3.3
472.00      2.7
472.10      3.2
472.20      2.7
472.30      3.2
472.40      2.7
472.50      3.2
472.60      2.7
472.70      3.2
472.80      2.7
472.90      3.2
473.00      2.7
473.10      3.2
473.20      2.7
473.30      3.2
473.40      2.7
473.50      3.2
473.60      2.6
473.70      3.2
473.80      2.6
473.90      3.2
474.00      2.6
474.10      3.2
474.20      2.6
474.30      3.1
474.40      2.6
474.50      3.1
474.60      2.6
474.70      3.1
474.80      2.6
474.90      3.1
475.00      2.6
475.10      3.1
475.20      2.6
475.30      3.1
475.40      2.6
475.50      3.1
475.60      2.6
475.70      3.1
475.80      2.6
475.90      3.1
476.00      2.6
476.10      3.1
476.20      2.6
476.30      3.1
476.40      2.6
476.50      3.1
476.60      2.5
476.70      3.0
476.80      2.5
476.90      3.0
477.00      2.5
477.10      3.0
477.20      2.5
477.30      3.0
477.40      2.5
477.50      3.0
477.60      2.5
477.70      3.0
477.80      2.5
477.90      3.0
478.00      2.5
478.10      3.0
478.20      2.5
478.30      3.0
478.40      2.5
478.50      3.0
478.60      2.5
478.70      3.0
478.80      2.5
478.90      3.0
479.00      2.5
479.10      2.9
479.20      2.5
479.30      2.9
479.40      2.5
479.50      2.9
479.60      2.4
479.70      2.9
479.80      2.4
479.90      2.9
480.00      2.4
480.10      2.9
480.20      2.4
480.30      2.9
480.40      2.4
480.50      2.9
480.60      2.4
480.70      2.9
480.80      2.4
480.90      2.9
481.00      2.4
481.10      2.9
481.20      2.4
481.30      2.9
481.40      2.4
481.50      2.8
481.60      2.4
481.70      2.8
481.80      2.4
481.90      2.8
482.00      2.4
482.10      2.8
482.20      2.3
482.30      2.8
482.40      2.3
482.50      2.8
482.60      2.3
482.70      2.8
482.80      2.3
482.90      2.8
483.00      2.3
483.10      2.8
483.20      2.3
483.30      2.8
483.40      2.3
483.50      2.8
483.60      2.3
483.70      2.8
483.80      2.3
483.90      2.8
484.00      2.3
484.10      2.8
484.20      2.3
484.30      2.7
484.40      2.3
484.50      2.7
484.60      2.3
484.70      2.7
484.80      2.3
484.90      2.7
485.00      2.3
485.10      2.7
485.20      2.3
485.30      2.7
485.40      2.3
485.50      2.7
485.60      2.3
485.70      2.7
485.80      2.3
485.90      2.7
486.00      2.2
486.10      2.7
486.20      2.2
486.30      2.7
486.40      2.2
486.50      2.7
486.60      2.2
486.70      2.7
486.80      2.2
486.90      2.7
487.00      2.2
487.10      2.6
487.20      2.2
487.30      2.6
487.40      2.2
487.50      2.6
487.60      2.2
487.70      2.6
487.80      2.2
487.90      2.6
488.00      2.2
488.10      2.6
488.20      2.2
488.30      2.6
488.40      2.2
488.50      2.6
488.60      2.2
488.70      2.6
488.80      2.2
488.90      2.6
489.00      2.2
489.10      2.6
489.20      2.2
489.30      2.6
489.40      2.2
489.50      2.6
489.60      2.2
489.70      2.6
489.80      2.1
489.90      2.6
490.00      2.1
490.10      2.6
490.20      2.1
490.30      2.6
490.40      2.1
490.50      2.6
490.60      2.1
490.70      2.6
490.80      2.1
490.90      2.5
491.00      2.1
491.10      2.5
491.20      2.1
491.30      2.5
491.40      2.1
491.50      2.5
491.60      2.1
491.70      2.5
491.80      2.1
491.90      2.5
492.00      2.1
492.10      2.5
492.20      2.1
492.30      2.5
492.40      2.1
492.50      2.5
492.60      2.5
492.70      2.5
492.80      2.1
492.90      2.5
493.00      2.1
493.10      2.5
493.20      2.1
493.30      2.5
493.40      2.1
493.50      2.5
493.60      2.0
493.70      2.5
493.80      2.0
493.90      2.4
494.00      2.0
494.10      2.4
494.20      2.0
494.30      2.4
494.40      2.0
494.50      2.4
494.60      2.0
494.70      2.4
494.80      2.0
494.90      2.4
495.00      2.0
495.10      2.4
495.20      2.0
495.30      2.4
495.40      2.0
495.50      2.4
495.60      2.0
495.70      2.4
495.80      2.0
495.90      2.4
496.00      2.0
496.10      2.4
496.20      2.0
496.30      2.4
496.40      2.0
496.50      2.4
496.60      2.0
496.70      2.4
496.80      2.0
496.90      2.4
497.00      2.0
497.10      2.4
497.20      2.0
497.30      2.3
497.40      2.0
497.50      2.3
497.60      1.9
497.70      2.3
497.80      1.9
497.90      2.3
498.00      1.9
498.10      2.3
498.20      1.9
498.30      2.3
498.40      1.9
498.50      2.3
498.60      1.9
498.70      2.3
498.80      1.9
498.90      2.3
499.00      1.9
499.10      2.3
499.20      1.9
499.30      2.3
499.40      1.9
499.50      2.3
499.60      1.9
499.70      2.3
499.80      1.9
499.90      2.3
500.00      1.9
500.10      2.3
500.20      1.9
500.30      2.3
500.40      1.9
500.50      2.3
500.60      2.3
500.70      2.2
500.80      1.9
500.90      2.2
501.00      1.9
501.10      2.2
501.20      1.9
501.30      2.2
501.40      1.9
501.50      2.2
501.60      1.9
501.70      2.2
501.80      1.9
501.90      2.2
502.00      1.9
502.10      2.2
502.20      1.8
502.30      2.2
502.40      1.8
502.50      2.2
502.60      1.8
502.70      2.2
502.80      1.8
502.90      2.2
503.00      1.8
503.10      2.2
503.20      1.8
503.30      2.2
503.40      1.8
503.50      2.2
503.60      1.8
503.70      2.2
503.80      1.8
503.90      2.2
504.00      1.8
504.10      2.2
504.20      1.8
504.30      2.2
504.40      1.8
504.50      2.2
504.60      1.8
504.70      2.2
504.80      1.8
504.90      2.2
505.00      1.8
505.10      2.1
505.20      1.8
505.30      2.1
505.40      1.8
505.50      2.1
505.60      1.8
505.70      2.1
505.80      1.8
505.90      2.1
506.00      1.8
506.10      2.1
506.20      1.8
506.30      2.1
506.40      1.8
506.50      2.1
506.60      1.8
506.70      2.1
506.80      1.8
506.90      2.1
507.00      1.8
507.10      2.1
507.20      1.7
507.30      2.1
507.40      1.7
507.50      2.1
507.60      1.7
507.70      2.1
507.80      1.7
507.90      2.1
508.00      1.7
508.10      2.1
508.20      1.7
508.30      2.1
508.40      1.7
508.50      2.1
508.60      1.7
508.70      2.1
508.80      1.7
508.90      2.1
509.00      1.7
509.10      2.1
509.20      1.7
509.30      2.0
509.40      1.7
509.50      2.0
509.60      1.7
509.70      2.0
509.80      1.7
509.90      2.0
510.00      1.7
510.10      2.0
510.20      1.7
510.30      2.0
510.40      1.7
510.50      2.0
510.60      1.7
510.70      2.0
510.80      1.7
510.90      2.0
511.00      1.7
511.10      2.0
511.20      1.7
511.30      2.0
511.40      1.7
511.50      2.0
511.60      1.7
511.70      2.0
511.80      1.7
511.90      2.0
512.00      1.7
512.10      2.0
512.20      1.7
512.30      2.0
512.40      1.6
512.50      2.0
512.60      1.6
512.70      2.0
512.80      1.6
512.90      2.0
513.00      1.6
513.10      2.0
513.20      1.6
513.30      2.0
513.40      1.6
513.50      1.9
513.60      1.6
513.70      1.9
513.80      1.6
513.90      1.9
514.00      1.6
514.10      1.9
514.20      1.6
514.30      1.9
514.40      1.6
514.50      1.9
514.60      1.6
514.70      1.9
514.80      1.6
514.90      1.9
515.00      1.6
515.10      1.9
515.20      1.6
515.30      1.9
515.40      1.6
515.50      1.9
515.60      1.6
515.70      1.9
515.80      1.6
515.90      1.9
516.00      1.6
516.10      1.9
516.20      1.6
516.30      1.9
516.40      1.6
516.50      1.9
516.60      1.6
516.70      1.9
516.80      1.6
516.90      1.9
517.00      1.6
517.10      1.9
517.20      1.6
517.30      1.9
517.40      1.6
517.50      1.9
517.60      1.6
517.70      1.9
517.80      1.6
517.90      1.9
518.00      1.5
518.10      1.9
518.20      1.5
518.30      1.9
518.40      1.5
518.50      1.8
518.60      1.5
518.70      1.8
518.80      1.5
518.90      1.8
519.00      1.5
519.10      1.8
519.20      1.5
519.30      1.8
519.40      1.5
519.50      1.8
519.60      1.5
519.70      1.8
519.80      1.5
519.90      1.8
520.00      1.5
520.10      1.8
520.20      1.5
520.30      1.8
520.40      1.5
520.50      1.8
520.60      1.5
520.70      1.8
520.80      1.5
520.90      1.8
521.00      1.5
521.10      1.8
521.20      1.5
521.30      1.8
521.40      1.5
521.50      1.8
521.60      1.5
521.70      1.8
521.80      1.5
521.90      1.8
522.00      1.5
522.10      1.8
522.20      1.5
522.30      1.8
522.40      1.5
522.50      1.8
522.60      1.5
522.70      1.8
522.80      1.5
522.90      1.8
523.00      1.5
523.10      1.8
523.20      1.5
523.30      1.8
523.40      1.5
523.50      1.8
523.60      1.5
523.70      1.8
523.80      1.5
523.90      1.8
524.00      1.5
524.10      1.8
524.20      1.5
524.30      1.7
524.40      1.5
524.50      1.7
524.60      1.5
524.70      1.7
524.80      1.4
524.90      1.7
525.00      1.4
525.10      1.7
525.20      1.4
525.30      1.7
525.40      1.4
525.50      1.7
525.60      1.4
525.70      1.7
525.80      1.4
525.90      1.7
526.00      1.4
526.10      1.7
526.20      1.4
526.30      1.7
526.40      1.4
526.50      1.7
526.60      1.4
526.70      1.7
526.80      1.4
526.90      1.7
527.00      1.4
527.10      1.7
527.20      1.4
527.30      1.7
527.40      1.4
527.50      1.7
527.60      1.4
527.70      1.7
527.80      1.4
527.90      1.7
528.00      1.4
528.10      1.7
528.20      1.4
528.30      1.7
528.40      1.4
528.50      1.7
528.60      1.4
528.70      1.7
528.80      1.4
528.90      1.7
529.00      1.4
529.10      1.7
529.20      1.4
529.30      1.7
529.40      1.4
529.50      1.7
529.60      1.4
529.70      1.7
529.80      1.4
529.90      1.7
530.00      1.4
530.10      1.6
530.20      1.4
530.30      1.6
530.40      1.4
530.50      1.6
530.60      1.4
530.70      1.6
530.80      1.4
530.90      1.6
531.00      1.4
531.10      1.6
531.20      1.4
531.30      1.6
531.40      1.4
531.50      1.6
531.60      1.4
531.70      1.6
531.80      1.4
531.90      1.6
532.00      1.4
532.10      1.6
532.20      1.3
532.30      1.6
532.40      1.3
532.50      1.6
532.60      1.3
532.70      1.6
532.80      1.3
532.90      1.6
533.00      1.3
533.10      1.6
533.20      1.3
533.30      1.6
533.40      1.3
533.50      1.6
533.60      1.3
533.70      1.6
533.80      1.3
533.90      1.6
534.00      1.3
534.10      1.6
534.20      1.3
534.30      1.6
534.40      1.3
534.50      1.6
534.60      1.3
534.70      1.6
534.80      1.3
534.90      1.6
535.00      1.3
535.10      1.6
535.20      1.3
535.30      1.6
535.40      1.3
535.50      1.6
535.60      1.3
535.70      1.6
535.80      1.3
535.90      1.6
536.00      1.3
536.10      1.6
536.20      1.3
536.30      1.6
536.40      1.3
536.50      1.6
536.60      1.3
536.70      1.6
536.80      1.3
536.90      1.6
537.00      1.3
537.10      1.6
537.20      1.3
537.30      1.6
537.40      1.3
537.50      1.6
537.60      1.3
537.70      1.5
537.80      1.3
537.90      1.5
538.00      1.3
538.10      1.5
538.20      1.3
538.30      1.5
538.40      1.3
538.50      1.5
538.60      1.3
538.70      1.5
538.80      1.3
538.90      1.5
539.00      1.3
539.10      1.5
539.20      1.3
539.30      1.5
539.40      1.3
539.50      1.5
539.60      1.3
539.70      1.5
539.80      1.3
539.90      1.5
540.00      1.3
540.10      1.5
540.20      1.3
540.30      1.5
540.40      1.3
540.50      1.5
540.60      1.3
540.70      1.5
540.80      1.3
540.90      1.5
541.00      1.3
541.10      1.5
541.20      1.3
541.30      1.5
541.40      1.3
541.50      1.5
541.60      1.2
541.70      1.5
541.80      1.2
541.90      1.5
542.00      1.2
542.10      1.5
542.20      1.2
542.30      1.5
542.40      1.2
542.50      1.5
542.60      1.2
542.70      1.5
542.80      1.2
542.90      1.5
543.00      1.2
543.10      1.5
543.20      1.2
543.30      1.5
543.40      1.2
543.50      1.5
543.60      1.2
543.70      1.5
543.80      1.5
543.90      1.5
544.00      1.2
544.10      1.5
544.20      1.2
544.30      1.5
544.40      1.2
544.50      1.5
544.60      1.2
544.70      1.5
544.80      1.2
544.90      1.5
545.00      1.2
545.10      1.5
545.20      1.2
545.30      1.4
545.40      1.2
545.50      1.4
545.60      1.2
545.70      1.4
545.80      1.2
545.90      1.4
546.00      1.2
546.10      1.4
546.20      1.2
546.30      1.4
546.40      1.2
546.50      1.4
546.60      1.2
546.70      1.4
546.80      1.2
546.90      1.4
547.00      1.2
547.10      1.4
547.20      1.2
547.30      1.4
547.40      1.2
547.50      1.4
547.60      1.2
547.70      1.4
547.80      1.2
547.90      1.4
548.00      1.2
548.10      1.4
548.20      1.2
548.30      1.4
548.40      1.2
548.50      1.4
548.60      1.2
548.70      1.4
548.80      1.2
548.90      1.4
549.00      1.2
549.10      1.4
549.20      1.2
549.30      1.4
549.40      1.2
549.50      1.4
549.60      1.2
549.70      1.4
549.80      1.2
549.90      1.4
550.00      1.2
550.10      1.4
550.20      1.2
550.30      1.4
550.40      1.2
550.50      1.4
550.60      1.2
550.70      1.4
550.80      1.2
550.90      1.4
551.00      1.2
551.10      1.4
551.20      1.2
551.30      1.4
551.40      1.2
551.50      1.4
551.60      1.1
551.70      1.4
551.80      1.1
551.90      1.4
552.00      1.1
552.10      1.4
552.20      1.1
552.30      1.4
552.40      1.1
552.50      1.4
552.60      1.1
552.70      1.4
552.80      1.1
552.90      1.4
553.00      1.1
553.10      1.4
553.20      1.1
553.30      1.4
553.40      1.1
553.50      1.4
553.60      1.1
553.70      1.4
553.80      1.1
553.90      1.4
554.00      1.1
554.10      1.4
554.20      1.1
554.30      1.4
554.40      1.1
554.50      1.4
554.60      1.1
554.70      1.4
554.80      1.1
554.90      1.3
555.00      1.1
555.10      1.3
555.20      1.1
555.30      1.3
555.40      1.1
555.50      1.3
555.60      1.1
555.70      1.3
555.80      1.1
555.90      1.3
556.00      1.1
556.10      1.3
556.20      1.1
556.30      1.3
556.40      1.1
556.50      1.3
556.60      1.1
556.70      1.3
556.80      1.1
556.90      1.3
557.00      1.1
557.10      1.3
557.20      1.1
557.30      1.3
557.40      1.1
557.50      1.3
557.60      1.1
557.70      1.3
557.80      1.1
557.90      1.3
558.00      1.1
558.10      1.3
558.20      1.1
558.30      1.3
558.40      1.1
558.50      1.3
558.60      1.1
558.70      1.3
558.80      1.1
558.90      1.3
559.00      1.1
559.10      1.3
559.20      1.1
559.30      1.3
559.40      1.1
559.50      1.3
559.60      1.1
559.70      1.3
559.80      1.1
559.90      1.3
560.00      1.1
560.10      1.3
560.20      1.1
560.30      1.3
560.40      1.1
560.50      1.3
560.60      1.1
560.70      1.3
560.80      1.1
560.90      1.3
561.00      1.1
561.10      1.3
561.20      1.1
561.30      1.3
561.40      1.1
561.50      1.3
561.60      1.1
561.70      1.3
561.80      1.1
561.90      1.3
562.00      1.1
562.10      1.3
562.20      1.1
562.30      1.3
562.40      1.1
562.50      1.3
562.60      1.1
562.70      1.3
562.80      1.1
562.90      1.3
563.00      1.1
563.10      1.3
563.20      1.1
563.30      1.3
563.40      1.1
563.50      1.3
563.60      1.1
563.70      1.3
563.80      1.1
563.90      1.3
564.00      1.1
564.10      1.3
564.20      1.0
564.30      1.3
564.40      1.0
564.50      1.3
564.60      1.0
564.70      1.3
564.80      1.0
564.90      1.3
565.00      1.0
565.10      1.3
565.20      1.0
565.30      1.3
565.40      1.0
565.50      1.2
565.60      1.0
565.70      1.2
565.80      1.0
565.90      1.2
566.00      1.0
566.10      1.2
566.20      1.0
566.30      1.2
566.40      1.0
566.50      1.2
566.60      1.0
566.70      1.2
566.80      1.0
566.90      1.2
567.00      1.0
567.10      1.2
567.20      1.0
567.30      1.2
567.40      1.0
567.50      1.2
567.60      1.0
567.70      1.2
567.80      1.0
567.90      1.2
568.00      1.0
568.10      1.2
568.20      1.0
568.30      1.2
568.40      1.0
568.50      1.2
568.60      1.0
568.70      1.2
568.80      1.0
568.90      1.2
569.00      1.0
569.10      1.2
569.20      1.0
569.30      1.2
569.40      1.0
569.50      1.2
569.60      1.0
569.70      1.2
569.80      1.0
569.90      1.2
570.00      1.0
570.10      1.2
570.20      1.0
570.30      1.2
570.40      1.0
570.50      1.2
570.60      1.0
570.70      1.2
570.80      1.0
570.90      1.2
571.00      1.0
571.10      1.2
571.20      1.0
571.30      1.2
571.40      1.0
571.50      1.2
571.60      1.0
571.70      1.2
571.80      1.0
571.90      1.2
572.00      1.2
572.10      1.2
572.20      1.0
572.30      1.2
572.40      1.0
572.50      1.2
572.60      1.0
572.70      1.2
572.80      1.0
572.90      1.2
573.00      1.0
573.10      1.2
573.20      1.0
573.30      1.2
573.40      1.0
573.50      1.2
573.60      1.0
573.70      1.2
573.80      1.0
573.90      1.2
574.00      1.0
574.10      1.2
574.20      1.0
574.30      1.2
574.40      1.0
574.50      1.2
574.60      1.0
574.70      1.2
574.80      1.0
574.90      1.2
575.00      1.0
575.10      1.2
575.20      1.0
575.30      1.2
575.40      1.0
575.50      1.2
575.60      1.0
575.70      1.2
575.80      1.0
575.90      1.2
576.00      1.0
576.10      1.2
576.20      1.0
576.30      1.2
576.40      1.0
576.50      1.2
576.60      1.0
576.70      1.2
576.80      1.0
576.90      1.2
577.00      1.2
577.10      1.2
577.20      1.0
577.30      1.2
577.40      1.0
577.50      1.2
577.60      1.0
577.70      1.2
577.80      1.0
577.90      1.2
578.00      1.0
578.10      1.2
578.20      1.0
578.30      1.2
578.40      1.0
578.50      1.2
578.60      1.0
578.70      1.2
578.80      1.0
578.90      1.2
579.00      1.0
579.10      1.2
579.20      1.0
579.30      1.1
579.40      1.0
579.50      1.1
579.60      1.0
579.70      1.1
579.80      1.0
579.90      1.1
580.00      1.0
580.10      1.1
580.20      1.0
580.30      1.1
580.40      1.0
580.50      1.1
580.60      1.0
580.70      1.1
580.80      1.0
580.90      1.1
581.00      1.0
581.10      1.1
581.20      0.9
581.30      1.1
581.40      0.9
581.50      1.1
581.60      0.9
581.70      1.1
581.80      0.9
581.90      1.1
582.00      0.9
582.10      1.1
582.20      0.9
582.30      1.1
582.40      0.9
582.50      1.1
582.60      0.9
582.70      1.1
582.80      0.9
582.90      1.1
583.00      0.9
583.10      1.1
583.20      0.9
583.30      1.1
583.40      0.9
583.50      1.1
583.60      0.9
583.70      1.1
583.80      0.9
583.90      1.1
584.00      1.1
584.10      1.1
584.20      0.9
584.30      1.1
584.40      0.9
584.50      1.1
584.60      0.9
584.70      1.1
584.80      0.9
584.90      1.1
585.00      0.9
585.10      1.1
585.20      0.9
585.30      1.1
585.40      0.9
585.50      1.1
585.60      0.9
585.70      1.1
585.80      0.9
585.90      1.1
586.00      0.9
586.10      1.1
586.20      0.9
586.30      1.1
586.40      1.1
586.50      1.1
586.60      0.9
586.70      1.1
586.80      0.9
586.90      1.1
587.00      0.9
587.10      1.1
587.20      0.9
587.30      1.1
587.40      0.9
587.50      1.1
587.60      0.9
587.70      1.1
587.80      0.9
587.90      1.1
588.00      0.9
588.10      1.1
588.20      0.9
588.30      1.1
588.40      0.9
588.50      1.1
588.60      0.9
588.70      1.1
588.80      0.9
588.90      1.1
589.00      0.9
589.10      1.1
589.20      0.9
589.30      1.1
589.40      0.9
589.50      1.1
589.60      0.9
589.70      1.1
589.80      0.9
589.90      1.1
590.00      0.9
590.10      1.1
590.20      0.9
590.30      1.1
590.40      0.9
590.50      1.1
590.60      0.9
590.70      1.1
590.80      0.9
590.90      1.1
591.00      0.9
591.10      1.1
591.20      0.9
591.30      1.1
591.40      0.9
591.50      1.1
591.60      0.9
591.70      1.1
591.80      0.9
591.90      1.1
592.00      0.9
592.10      1.1
592.20      0.9
592.30      1.1
592.40      0.9
592.50      1.1
592.60      0.9
592.70      1.1
592.80      0.9
592.90      1.1
593.00      0.9
593.10      1.1
593.20      0.9
593.30      1.1
593.40      0.9
593.50      1.1
593.60      0.9
593.70      1.1
593.80      0.9
593.90      1.1
594.00      0.9
594.10      1.1
594.20      0.9
594.30      1.1
594.40      0.9
594.50      1.1
594.60      0.9
594.70      1.1
594.80      0.9
594.90      1.1
595.00      0.9
595.10      1.1
595.20      0.9
595.30      1.1
595.40      0.9
595.50      1.1
595.60      0.9
595.70      1.1
595.80      0.9
595.90      1.1
596.00      0.9
596.10      1.1
596.20      0.9
596.30      1.1
596.40      0.9
596.50      1.1
596.60      0.9
596.70      1.1
596.80      0.9
596.90      1.1
597.00      0.9
597.10      1.1
597.20      0.9
597.30      1.1
597.40      0.9
597.50      1.1
597.60      0.9
597.70      1.1
597.80      0.9
597.90      1.1
598.00      0.9
598.10      1.1
598.20      0.9
598.30      1.1
598.40      0.9
598.50      1.1
598.60      0.9
598.70      1.1
598.80      0.9
598.90      1.0
599.00      0.9
599.10      1.0
599.20      0.9
599.30      1.0
599.40      0.9
599.50      1.0
599.60      0.9
599.70      1.0
599.80      0.9
599.90      1.0
600.00      0.9
600.10      1.0
600.20      0.9
600.30      1.0
600.40      0.9
600.50      1.0
600.60      0.9
600.70      1.0
600.80      0.9
600.90      1.0
601.00      0.9
601.10      1.0
601.20      0.9
601.30      1.0
601.40      0.9
601.50      1.0
601.60      0.9
601.70      1.0
601.80      0.9
601.90      1.0
602.00      0.9
602.10      1.0
602.20      0.9
602.30      1.0
602.40      0.9
602.50      1.0
602.60      0.9
602.70      1.0
602.80      0.9
602.90      1.0
603.00      0.9
603.10      1.0
603.20      0.9
603.30      1.0
603.40      0.9
603.50      1.0
603.60      0.9
603.70      1.0
603.80      0.9
603.90      1.0
604.00      0.9
604.10      1.0
604.20      0.9
604.30      1.0
604.40      0.9
604.50      1.0
604.60      0.9
604.70      1.0
604.80      0.9
604.90      1.0
605.00      0.9
605.10      1.0
605.20      0.9
605.30      1.0
605.40      0.9
605.50      1.0
605.60      0.9
605.70      1.0
605.80      0.9
605.90      1.0
606.00      0.9
606.10      1.0
606.20      0.9
606.30      1.0
606.40      0.9
606.50      1.0
606.60      0.9
606.70      1.0
606.80      0.9
606.90      1.0
607.00      0.9
607.10      1.0
607.20      0.9
607.30      1.0
607.40      0.8
607.50      1.0
607.60      0.8
607.70      1.0
607.80      0.8
607.90      1.0
608.00      0.8
608.10      1.0
608.20      0.8
608.30      1.0
608.40      0.8
608.50      1.0
608.60      0.8
608.70      1.0
608.80      0.8
608.90      1.0
609.00      0.8
609.10      1.0
609.20      0.8
609.30      1.0
609.40      0.8
609.50      1.0
609.60      0.8
609.70      1.0
609.80      0.8
609.90      1.0
610.00      1.0
610.10      1.0
610.20      0.8
610.30      1.0
610.40      0.8
610.50      1.0
610.60      0.8
610.70      1.0
610.80      0.8
610.90      1.0
611.00      0.8
611.10      1.0
611.20      0.8
611.30      1.0
611.40      0.8
611.50      1.0
611.60      0.8
611.70      1.0
611.80      0.8
611.90      1.0
612.00      0.8
612.10      1.0
612.20      0.8
612.30      1.0
612.40      0.8
612.50      1.0
612.60      0.8
612.70      1.0
612.80      0.8
612.90      1.0
613.00      0.8
613.10      1.0
613.20      1.0
613.30      1.0
613.40      0.8
613.50      1.0
613.60      0.8
613.70      1.0
613.80      0.8
613.90      1.0
614.00      0.8
614.10      1.0
614.20      0.8
614.30      1.0
614.40      0.8
614.50      1.0
614.60      0.8
614.70      1.0
614.80      1.0
614.90      1.0
615.00      0.8
615.10      1.0
615.20      0.8
615.30      1.0
615.40      0.8
615.50      1.0
615.60      1.0
615.70      1.0
615.80      0.8
615.90      1.0
616.00      0.8
616.10      1.0
616.20      0.8
616.30      1.0
616.40      0.8
616.50      1.0
616.60      0.8
616.70      1.0
616.80      0.8
616.90      1.0
617.00      0.8
617.10      1.0
617.20      1.0
617.30      1.0
617.40      0.8
617.50      1.0
617.60      0.8
617.70      1.0
617.80      0.8
617.90      1.0
618.00      0.8
618.10      1.0
618.20      0.8
618.30      1.0
618.40      0.8
618.50      1.0
618.60      0.8
618.70      1.0
618.80      0.8
618.90      1.0
619.00      0.8
619.10      1.0
619.20      0.8
619.30      1.0
619.40      0.8
619.50      1.0
619.60      0.8
619.70      1.0
619.80      0.8
619.90      1.0
620.00      0.8
620.10      1.0
620.20      0.8
620.30      1.0
620.40      0.8
620.50      1.0
620.60      0.8
620.70      1.0
620.80      0.8
620.90      1.0
621.00      0.8
621.10      1.0
621.20      0.8
621.30      1.0
621.40      0.8
621.50      1.0
621.60      0.8
621.70      1.0
621.80      1.0
621.90      1.0
622.00      0.8
622.10      1.0
622.20      0.8
622.30      1.0
622.40      0.8
622.50      1.0
622.60      0.8
622.70      1.0
622.80      0.8
622.90      1.0
623.00      0.8
623.10      1.0
623.20      0.8
623.30      1.0
623.40      0.8
623.50      1.0
623.60      0.8
623.70      1.0
623.80      0.8
623.90      1.0
624.00      0.8
624.10      1.0
624.20      0.8
624.30      1.0
624.40      0.8
624.50      1.0
624.60      0.8
624.70      1.0
624.80      0.8
624.90      1.0
625.00      0.8
625.10      1.0
625.20      0.8
625.30      1.0
625.40      0.8
625.50      1.0
625.60      0.8
625.70      1.0
625.80      1.0
625.90      1.0
626.00      0.8
626.10      1.0
626.20      0.8
626.30      1.0
626.40      0.8
626.50      1.0
626.60      0.8
626.70      1.0
626.80      0.8
626.90      1.0
627.00      0.8
627.10      1.0
627.20      0.8
627.30      1.0
627.40      0.8
627.50      1.0
627.60      0.8
627.70      1.0
627.80      0.8
627.90      1.0
628.00      0.8
628.10      1.0
628.20      1.0
628.30      1.0
628.40      0.8
628.50      1.0
628.60      0.8
628.70      1.0
628.80      0.8
628.90      1.0
629.00      0.8
629.10      1.0
629.20      0.8
629.30      1.0
629.40      0.8
629.50      1.0
629.60      1.0
629.70      1.0
629.80      1.0
629.90      1.0
630.00      0.8
630.10      1.0
630.20      0.8
630.30      1.0
630.40      0.8
630.50      1.0
630.60      0.8
630.70      1.0
630.80      0.8
630.90      1.0
631.00      0.8
631.10      1.0
631.20      1.0
631.30      1.0
631.40      0.8
631.50      1.0
631.60      0.8
631.70      1.0
631.80      0.8
631.90      1.0
632.00      0.8
632.10      1.0
632.20      0.8
632.30      1.0
632.40      0.8
632.50      1.0
632.60      0.8
632.70      1.0
632.80      0.8
632.90      1.0
633.00      0.8
633.10      1.0
633.20      0.8
633.30      1.0
633.40      0.8
633.50      1.0
633.60      1.0
633.70      1.0
633.80      0.8
633.90      1.0
634.00      0.8
634.10      1.0
634.20      0.8
634.30      1.0
634.40      0.8
634.50      1.0
634.60      0.8
634.70      1.0
634.80      0.8
634.90      1.0
635.00      0.8
635.10      1.0
635.20      0.8
635.30      1.0
635.40      0.8
635.50      1.0
635.60      0.8
635.70      1.0
635.80      0.8
635.90      1.0
636.00      0.8
636.10      1.0
636.20      0.8
636.30      1.0
636.40      0.8
636.50      1.0
636.60      0.8
636.70      1.0
636.80      0.8
636.90      1.0
637.00      0.8
637.10      1.0
637.20      0.8
637.30      1.0
637.40      0.8
637.50      1.0
637.60      0.8
637.70      1.0
637.80      0.8
637.90      1.0
638.00      0.8
638.10      1.0
638.20      0.8
638.30      1.0
638.40      0.8
638.50      1.0
638.60      0.8
638.70      1.0
638.80      0.8
638.90      0.9
639.00      0.8
639.10      0.9
639.20      0.8
639.30      0.9
639.40      0.8
639.50      0.9
639.60      0.8
639.70      0.9
639.80      0.8
639.90      0.9
640.00      0.8
640.10      0.9
640.20      0.8
640.30      0.9
640.40      0.8
640.50      0.9
640.60      0.8
640.70      0.9
640.80      0.8
640.90      0.9
641.00      0.8
641.10      0.9
641.20      0.8
641.30      0.9
641.40      0.8
641.50      0.9
641.60      0.8
641.70      0.9
641.80      0.8
641.90      0.9
642.00      0.8
642.10      0.9
642.20      0.8
642.30      0.9
642.40      0.9
642.50      0.9
642.60      0.8
642.70      0.9
642.80      0.8
642.90      0.9
643.00      0.8
643.10      0.9
643.20      0.8
643.30      0.9
643.40      0.8
643.50      0.9
643.60      0.8
643.70      0.9
643.80      0.8
643.90      0.9
644.00      0.8
644.10      0.9
644.20      0.8
644.30      0.9
644.40      0.8
644.50      0.9
644.60      0.8
644.70      0.9
644.80      0.8
644.90      0.9
645.00      0.8
645.10      0.9
645.20      0.8
645.30      0.9
645.40      0.8
645.50      0.9
645.60      0.8
645.70      0.9
645.80      0.8
645.90      0.9
646.00      0.8
646.10      0.9
646.20      0.8
646.30      0.9
646.40      0.8
646.50      0.9
646.60      0.8
646.70      0.9
646.80      0.8
646.90      0.9
647.00      0.8
647.10      0.9
647.20      0.8
647.30      0.9
647.40      0.8
647.50      0.9
647.60      0.8
647.70      0.9
647.80      0.8
647.90      0.9
648.00      0.8
648.10      0.9
648.20      0.8
648.30      0.9
648.40      0.8
648.50      0.9
648.60      0.9
648.70      0.9
648.80      0.8
648.90      0.9
649.00      0.8
649.10      0.9
649.20      0.8
649.30      0.9
649.40      0.8
649.50      0.9
649.60      0.8
649.70      0.9
649.80      0.8
649.90      0.9
650.00      0.8
650.10      0.9
650.20      0.9
650.30      0.9
650.40      0.8
650.50      0.9
650.60      0.8
650.70      0.9
650.80      0.8
650.90      0.9
651.00      0.8
651.10      0.9
651.20      0.8
651.30      0.9
651.40      0.8
651.50      0.9
651.60      0.8
651.70      0.9
651.80      0.8
651.90      0.9
652.00      0.8
652.10      0.9
652.20      0.8
652.30      0.9
652.40      0.8
652.50      0.9
652.60      0.8
652.70      0.9
652.80      0.8
652.90      0.9
653.00      0.8
653.10      0.9
653.20      0.8
653.30      0.9
653.40      0.8
653.50      0.9
653.60      0.8
653.70      0.9
653.80      0.8
653.90      0.9
654.00      0.8
654.10      0.9
654.20      0.8
654.30      0.9
654.40      0.8
654.50      0.9
654.60      0.8
654.70      0.9
654.80      0.9
654.90      0.9
655.00      0.9
655.10      0.9
655.20      0.8
655.30      0.9
655.40      0.8
655.50      0.9
655.60      0.8
655.70      0.9
655.80      0.8
655.90      0.9
656.00      0.8
656.10      0.9
656.20      0.8
656.30      0.9
656.40      0.9
656.50      0.9
656.60      0.9
656.70      0.9
656.80      0.8
656.90      0.9
657.00      0.8
657.10      0.9
657.20      0.8
657.30      0.9
657.40      0.8
657.50      0.9
657.60      0.8
657.70      0.9
657.80      0.8
657.90      0.9
658.00      0.8
658.10      0.9
658.20      0.8
658.30      0.9
658.40      0.8
658.50      0.9
658.60      0.8
658.70      0.9
658.80      0.8
658.90      0.9
659.00      0.8
659.10      0.9
659.20      0.8
659.30      0.9
659.40      0.8
659.50      0.9
659.60      0.9
659.70      0.9
659.80      0.8
659.90      0.9
660.00      0.8
660.10      0.9
660.20      0.8
660.30      0.9
660.40      0.9
660.50      0.9
660.60      0.8
660.70      0.9
660.80      0.8
660.90      0.9
661.00      0.8
661.10      0.9
661.20      0.8
661.30      0.9
661.40      0.8
661.50      0.9
661.60      0.8
661.70      0.9
661.80      0.8
661.90      0.9
662.00      0.8
662.10      0.9
662.20      0.8
662.30      0.9
662.40      0.8
662.50      0.9
662.60      0.8
662.70      0.9
662.80      0.8
662.90      0.9
663.00      0.8
663.10      0.9
663.20      0.8
663.30      0.9
663.40      0.8
663.50      0.9
663.60      0.8
663.70      0.9
663.80      0.8
663.90      0.9
664.00      0.8
664.10      0.9
664.20      0.8
664.30      0.9
664.40      0.9
664.50      0.9
664.60      0.8
664.70      0.9
664.80      0.8
664.90      0.9
665.00      0.8
665.10      0.9
665.20      0.8
665.30      0.9
665.40      0.8
665.50      0.9
665.60      0.8
665.70      0.9
665.80      0.8
665.90      0.9
666.00      0.9
666.10      0.9
666.20      0.8
666.30      0.9
666.40      0.8
666.50      0.9
666.60      0.8
666.70      0.9
666.80      0.8
666.90      0.9
667.00      0.8
667.10      0.9
667.20      0.8
667.30      0.9
667.40      0.8
667.50      0.9
667.60      0.9
667.70      0.9
667.80      0.8
667.90      0.9
668.00      0.8
668.10      0.9
668.20      0.8
668.30      0.9
668.40      0.8
668.50      0.9
668.60      0.8
668.70      0.9
668.80      0.8
668.90      0.9
669.00      0.8
669.10      0.9
669.20      0.8
669.30      0.9
669.40      0.8
669.50      0.9
669.60      0.8
669.70      0.9
669.80      0.8
669.90      0.9
670.00      0.8
670.10      0.9
670.20      0.8
670.30      0.9
670.40      0.8
670.50      0.9
670.60      0.8
670.70      0.9
670.80      0.8
670.90      0.9
671.00      0.8
671.10      0.9
671.20      0.8
671.30      0.9
671.40      0.8
671.50      0.9
671.60      0.8
671.70      0.9
671.80      0.8
671.90      0.9
672.00      0.8
672.10      0.9
672.20      0.8
672.30      0.9
672.40      0.8
672.50      0.9
672.60      0.8
672.70      0.9
672.80      0.8
672.90      0.9
673.00      0.8
673.10      0.9
673.20      0.8
673.30      0.9
673.40      0.8
673.50      0.9
673.60      0.8
673.70      0.9
673.80      0.8
673.90      0.9
674.00      0.8
674.10      0.9
674.20      0.8
674.30      0.9
674.40      0.8
674.50      0.9
674.60      0.8
674.70      0.9
674.80      0.8
674.90      0.9
675.00      0.8
675.10      0.9
675.20      0.8
675.30      0.9
675.40      0.8
675.50      0.9
675.60      0.8
675.70      0.9
675.80      0.8
675.90      0.9
676.00      0.8
676.10      0.9
676.20      0.8
676.30      0.9
676.40      0.8
676.50      0.9
676.60      0.8
676.70      0.9
676.80      0.8
676.90      0.9
677.00      0.8
677.10      0.9
677.20      0.8
677.30      0.9
677.40      0.8
677.50      0.9
677.60      0.8
677.70      0.9
677.80      0.8
677.90      0.9
678.00      0.8
678.10      0.9
678.20      0.8
678.30      0.9
678.40      0.8
678.50      0.9
678.60      0.9
678.70      0.9
678.80      0.8
678.90      0.9
679.00      0.8
679.10      0.9
679.20      0.8
679.30      0.9
679.40      0.8
679.50      0.9
679.60      0.8
679.70      0.9
679.80      0.8
679.90      0.9
680.00      0.8
680.10      0.9
680.20      0.8
680.30      0.9
680.40      0.8
680.50      0.9
680.60      0.8
680.70      0.9
680.80      0.8
680.90      0.9
681.00      0.8
681.10      0.9
681.20      0.8
681.30      0.9
681.40      0.8
681.50      0.9
681.60      0.8
681.70      0.9
681.80      0.8
681.90      0.9
682.00      0.8
682.10      0.9
682.20      0.8
682.30      0.9
682.40      0.8
682.50      0.9
682.60      0.8
682.70      0.9
682.80      0.8
682.90      0.9
683.00      0.8
683.10      0.9
683.20      0.8
683.30      0.9
683.40      0.9
683.50      0.9
683.60      0.8
683.70      0.9
683.80      0.8
683.90      0.9
684.00      0.9
684.10      0.9
684.20      0.8
684.30      0.9
684.40      0.8
684.50      0.9
684.60      0.8
684.70      0.9
684.80      0.9
684.90      0.9
685.00      0.9
685.10      0.9
685.20      0.8
685.30      0.9
685.40      0.9
685.50      0.9
685.60      0.9
685.70      0.9
685.80      0.8
685.90      0.9
686.00      0.8
686.10      0.9
686.20      0.9
686.30      0.9
686.40      0.9
686.50      0.9
686.60      0.9
686.70      0.9
686.80      0.9
686.90      0.9
687.00      0.9
687.10      0.9
687.20      0.9
687.30      0.9
687.40      0.9
687.50      0.9
687.60      0.9
687.70      0.9
687.80      0.9
687.90      0.9
688.00      0.9
688.10      0.9
688.20      0.9
688.30      0.9
688.40      0.9
688.50      0.9
688.60      0.9
688.70      0.9
688.80      0.9
688.90      0.9
689.00      0.9
689.10      0.9
689.20      0.9
689.30      0.9
689.40      0.9
689.50      1.0
689.60      1.0
689.70      1.0
689.80      1.0
689.90      1.0
690.00      1.0
690.10      1.0
690.20      1.0
690.30      1.0
690.40      1.0
690.50      1.0
690.60      1.0
690.70      1.0
690.80      1.0
690.90      1.0
691.00      1.0
691.10      1.0
691.20      1.0
691.30      1.0
691.40      1.0
691.50      1.0
691.60      1.0
691.70      1.1
691.80      1.0
691.90      1.1
692.00      1.1
692.10      1.1
692.20      1.1
692.30      1.1
692.40      1.1
692.50      1.1
692.60      1.1
692.70      1.1
692.80      1.1
692.90      1.1
693.00      1.1
693.10      1.1
693.20      1.1
693.30      1.1
693.40      1.1
693.50      1.1
693.60      1.1
693.70      1.3
693.80      1.1
693.90      1.3
694.00      1.3
694.10      1.3
694.20      1.3
694.30      1.3
694.40      1.3
694.50      1.3
694.60      1.3
694.70      1.3
694.80      1.3
694.90      1.3
695.00      1.3
695.10      1.4
695.20      1.4
695.30      1.4
695.40      1.4
695.50      1.4
695.60      1.4
695.70      1.4
695.80      1.4
695.90      1.4
696.00      1.4
696.10      1.5
696.20      1.5
696.30      1.5
696.40      1.5
696.50      1.5
696.60      1.5
696.70      1.7
696.80      1.5
696.90      1.6
697.00      1.6
697.10      1.6
697.20      1.6
697.30      1.6
697.40      1.6
697.50      1.8
697.60      1.8
697.70      1.8
697.80      1.8
697.90      1.8
698.00      1.8
698.10      1.9
698.20      1.9
698.30      1.9
698.40      1.9
698.50      1.9
698.60      1.9
698.70      2.0
698.80      2.0
698.90      2.0
699.00      2.0
699.10      2.1
699.20      2.1
699.30      2.1
699.40      2.1
699.50      2.2
699.60      2.2
699.70      2.2
699.80      2.2
699.90      2.3
700.00      2.3
