400.00      64.3
400.10      64.3
400.20      64.3
400.30      64.3
400.40      64.3
400.50      64.3
400.60      64.3
400.70      67.9
400.80      64.3
400.90      65.5
401.00      64.3
401.10      65.5
401.20      65.5
401.30      65.5
401.40      65.5
401.50      65.5
401.60      65.5
401.70      65.5
401.80      65.5
401.90      65.5
402.00      65.5
402.10      63.3
402.20      63.3
402.30      63.3
402.40      63.3
402.50      63.3
402.60      63.3
402.70      63.3
402.80      63.3
402.90      66.7
403.00      66.7
403.10      64.5
403.20      64.5
403.30      64.5
403.40      64.5
403.50      64.5
403.60      64.5
403.70      64.5
403.80      64.5
403.90      64.5
404.00      64.5
404.10      64.5
404.20      64.5
404.30      62.5
404.40      64.5
404.50      65.6
404.60      62.5
404.70      65.6
404.80      65.6
404.90      65.6
405.00      65.6
405.10      65.6
405.20      65.6
405.30      65.6
405.40      65.6
405.50      63.6
405.60      65.6
405.70      63.6
405.80      63.6
405.90      63.6
406.00      63.6
406.10      63.6
406.20      63.6
406.30      63.6
406.40      63.6
406.50      63.6
406.60      63.6
406.70      66.7
406.80      66.7
406.90      64.7
407.00      64.7
407.10      64.7
407.20      64.7
407.30      64.7
407.40      64.7
407.50      64.7
407.60      64.7
407.70      64.7
407.80      64.7
407.90      62.9
408.00      64.7
408.10      62.9
408.20      64.7
408.30      62.9
408.40      62.9
408.50      65.7
408.60      65.7
408.70      65.7
408.80      65.7
408.90      65.7
409.00      65.7
409.10      65.7
409.20      65.7
409.30      63.9
409.40      63.9
409.50      63.9
409.60      63.9
409.70      63.9
409.80      63.9
409.90      63.9
410.00      63.9
410.10      66.7
410.20      63.9
410.30      64.9
410.40      63.9
410.50      64.9
410.60      64.9
410.70      64.9
410.80      64.9
410.90      64.9
411.00      64.9
411.10      64.9
411.20      64.9
411.30      64.9
411.40      64.9
411.50      63.2
411.60      63.2
411.70      65.8
411.80      63.2
411.90      65.8
412.00      65.8
412.10      65.8
412.20      65.8
412.30      65.8
412.40      65.8
412.50      64.1
412.60      64.1
412.70      64.1
412.80      64.1
412.90      64.1
413.00      64.1
413.10      64.1
413.20      64.1
413.30      65.0
413.40      62.5
413.50      65.0
413.60      65.0
413.70      65.0
413.80      65.0
413.90      65.0
414.00      65.0
414.10      63.4
414.20      63.4
414.30      63.4
414.40      63.4
414.50      63.4
414.60      63.4
414.70      65.9
414.80      65.9
414.90      64.3
415.00      64.3
415.10      64.3
415.20      64.3
415.30      64.3
415.40      64.3
415.50      64.3
415.60      64.3
415.70      62.8
415.80      64.3
415.90      65.1
416.00      62.8
416.10      65.1
416.20      65.1
416.30      65.1
416.40      65.1
416.50      63.6
416.60      63.6
416.70      63.6
416.80      63.6
416.90      63.6
417.00      63.6
417.10      65.9
417.20      65.9
417.30      64.4
417.40      64.4
417.50      64.4
417.60      64.4
417.70      64.4
417.80      64.4
417.90      64.4
418.00      64.4
418.10      63.0
418.20      63.0
418.30      65.2
418.40      63.0
418.50      65.2
418.60      65.2
418.70      65.2
418.80      65.2
418.90      63.8
419.00      63.8
419.10      63.8
419.20      63.8
419.30      63.8
419.40      63.8
419.50      64.6
419.60      66.0
419.70      64.6
419.80      64.6
419.90      64.6
420.00      64.6
420.10      64.6
420.20      64.6
420.30      63.3
420.40      63.3
420.50      65.3
420.60      63.3
420.70      65.3
420.80      65.3
420.90      65.3
421.00      65.3
421.10      65.3
421.20      65.3
421.30      64.0
421.40      64.0
421.50      64.0
421.60      64.0
421.70      64.0
421.80      64.0
421.90      64.7
422.00      62.7
422.10      64.7
422.20      64.7
422.30      64.7
422.40      64.7
422.50      64.7
422.60      64.7
422.70      64.7
422.80      63.5
422.90      63.5
423.00      63.5
423.10      65.4
423.20      63.5
423.30      65.4
423.40      65.4
423.50      64.2
423.60      64.2
423.70      64.2
423.80      64.2
423.90      64.2
424.00      64.2
424.10      64.2
424.20      64.2
424.30      64.8
424.40      64.8
424.50      64.8
424.60      64.8
424.70      64.8
424.80      64.8
424.90      63.6
425.00      64.8
425.10      63.6
425.20      63.6
425.30      63.6
425.40      63.6
425.50      65.5
425.60      63.6
425.70      64.3
425.80      64.3
425.90      64.3
426.00      64.3
426.10      64.3
426.20      64.3
426.30      64.3
426.40      64.3
426.50      63.2
426.60      63.2
426.70      64.9
426.80      64.9
426.90      64.9
427.00      64.9
427.10      63.8
427.20      63.8
427.30      63.8
427.40      63.8
427.50      63.8
427.60      63.8
427.70      62.7
427.80      64.4
427.90      64.4
428.00      64.4
428.10      64.4
428.20      64.4
428.30      63.3
428.40      63.3
428.50      63.3
428.60      63.3
428.70      65.0
428.80      65.0
428.90      63.9
429.00      63.9
429.10      63.9
429.20      63.9
429.30      63.9
429.40      63.9
429.50      62.9
429.60      62.9
429.70      64.5
429.80      64.5
429.90      63.5
430.00      63.5
430.10      63.5
430.20      63.5
430.30      63.5
430.40      63.5
430.50      64.1
430.60      64.1
430.70      64.1
430.80      64.1
430.90      63.1
431.00      63.1
431.10      63.1
431.20      63.1
431.30      64.6
431.40      64.6
431.50      63.6
431.60      63.6
431.70      63.6
431.80      63.6
431.90      62.7
432.00      64.2
432.10      64.2
432.20      64.2
432.30      63.2
432.40      63.2
432.50      63.2
432.60      63.2
432.70      63.2
432.80      63.2
432.90      63.8
433.00      63.8
433.10      63.8
433.20      63.8
433.30      62.9
433.40      62.9
433.50      64.3
433.60      64.3
433.70      63.4
433.80      63.4
433.90      63.4
434.00      63.4
434.10      62.5
434.20      62.5
434.30      63.9
434.40      63.9
434.50      63.9
434.60      63.0
434.70      63.0
434.80      63.0
434.90      63.5
435.00      63.5
435.10      63.5
435.20      63.5
435.30      62.7
435.40      62.7
435.50      64.0
435.60      64.0
435.70      63.2
435.80      63.2
435.90      63.2
436.00      63.2
436.10      63.6
436.20      63.6
436.30      63.6
436.40      63.6
436.50      63.6
436.60      62.8
436.70      62.8
436.80      62.8
436.90      64.1
437.00      63.3
437.10      63.3
437.20      63.3
437.30      63.3
437.40      63.3
437.50      62.5
437.60      62.5
437.70      63.7
437.80      63.7
437.90      63.0
438.00      63.0
438.10      63.0
438.20      63.0
438.30      63.4
438.40      63.4
438.50      63.4
438.60      63.4
438.70      62.7
438.80      62.7
438.90      63.9
439.00      63.9
439.10      63.1
439.20      63.1
439.30      63.1
439.40      62.4
439.50      63.5
439.60      62.4
439.70      63.5
439.80      63.5
439.90      62.8
440.00      62.8
440.10      64.0
440.20      62.1
440.30      63.2
440.40      63.2
440.50      63.2
440.60      63.2
440.70      62.5
440.80      62.5
440.90      62.9
441.00      62.9
441.10      62.9
441.20      62.9
441.30      62.9
441.40      62.9
441.50      62.2
441.60      62.2
441.70      63.3
441.80      63.3
441.90      62.6
442.00      62.6
442.10      62.6
442.20      62.6
442.30      63.0
442.40      63.0
442.50      63.0
442.60      63.0
442.70      62.4
442.80      62.4
442.90      63.4
443.00      62.4
443.10      62.8
443.20      62.8
443.30      62.8
443.40      62.8
443.50      62.1
443.60      62.1
443.70      63.2
443.80      63.2
443.90      62.5
444.00      62.5
444.10      61.9
444.20      61.9
444.30      62.9
444.40      62.9
444.50      62.2
444.60      62.2
444.70      62.2
444.80      62.2
444.90      62.6
445.00      62.6
445.10      62.0
445.20      62.0
445.30      62.0
445.40      63.0
445.50      62.4
445.60      62.4
445.70      61.8
445.80      61.8
445.90      61.8
446.00      62.7
446.10      62.1
446.20      62.1
446.30      62.1
446.40      62.5
446.50      62.5
446.60      62.5
446.70      61.9
446.80      61.9
446.90      61.9
447.00      61.9
447.10      62.3
447.20      62.3
447.30      61.7
447.40      61.7
447.50      62.0
447.60      62.0
447.70      62.0
447.80      61.5
447.90      61.5
448.00      62.4
448.10      61.8
448.20      61.8
448.30      61.3
448.40      61.3
448.50      62.2
448.60      60.7
448.70      61.6
448.80      61.6
448.90      61.1
449.00      61.1
449.10      61.4
449.20      61.4
449.30      61.4
449.40      61.4
449.50      60.9
449.60      61.7
449.70      61.7
449.80      61.2
449.90      61.2
450.00      61.2
450.10      61.5
450.20      61.5
450.30      61.5
450.40      61.0
450.50      61.0
450.60      61.0
450.70      61.3
450.80      61.3
450.90      60.8
451.00      60.8
451.10      61.7
451.20      61.2
451.30      61.2
451.40      61.2
451.50      61.2
451.60      60.7
451.70      60.7
451.80      60.7
451.90      61.0
452.00      61.0
452.10      60.5
452.20      60.5
452.30      61.3
452.40      60.8
452.50      60.8
452.60      60.8
452.70      60.3
452.80      60.3
452.90      61.1
453.00      59.8
453.10      60.6
453.20      60.6
453.30      60.6
453.40      60.2
453.50      60.2
453.60      60.5
453.70      60.5
453.80      60.5
453.90      60.0
454.00      60.0
454.10      60.8
454.20      60.8
454.30      60.3
454.40      60.3
454.50      60.3
454.60      59.8
454.70      59.8
454.80      60.6
454.90      60.2
455.00      60.2
455.10      60.2
455.20      59.7
455.30      60.4
455.40      59.7
455.50      60.0
455.60      60.0
455.70      60.0
455.80      60.0
455.90      59.6
456.00      59.6
456.10      60.3
456.20      59.9
456.30      59.9
456.40      59.9
456.50      59.9
456.60      59.4
456.70      59.4
456.80      59.4
456.90      59.7
457.00      59.7
457.10      59.7
457.20      59.7
457.30      59.3
457.40      59.3
457.50      58.9
457.60      58.9
457.70      59.6
457.80      59.6
457.90      59.2
458.00      59.2
458.10      59.2
458.20      59.2
458.30      59.4
458.40      58.7
458.50      59.0
458.60      59.0
458.70      59.0
458.80      59.0
458.90      58.6
459.00      58.6
459.10      58.9
459.20      58.9
459.30      58.9
459.40      58.9
459.50      58.5
459.60      58.5
459.70      58.5
459.80      58.5
459.90      58.8
460.00      58.8
460.10      58.4
460.20      58.4
460.30      58.4
460.40      58.4
460.50      58.7
460.60      58.0
460.70      58.3
460.80      58.3
460.90      58.3
461.00      58.3
461.10      57.9
461.20      57.9
461.30      57.9
461.40      57.5
461.50      58.2
461.60      58.2
461.70      57.8
461.80      57.8
461.90      57.8
462.00      57.4
462.10      57.4
462.20      57.4
462.30      57.7
462.40      57.1
462.50      57.7
462.60      57.3
462.70      57.3
462.80      57.3
462.90      57.0
463.00      57.0
463.10      57.0
463.20      56.6
463.30      57.2
463.40      56.6
463.50      56.9
463.60      56.9
463.70      56.9
463.80      56.5
463.90      56.5
464.00      56.5
464.10      56.2
464.20      56.2
464.30      56.8
464.40      56.4
464.50      56.4
464.60      56.4
464.70      56.1
464.80      56.1
464.90      56.1
465.00      55.8
465.10      55.8
465.20      55.8
465.30      55.4
465.40      55.4
465.50      55.4
465.60      55.1
465.70      55.7
465.80      55.1
465.90      55.4
466.00      55.4
466.10      55.4
466.20      55.4
466.30      55.0
466.40      55.0
466.50      55.0
466.60      54.7
466.70      54.7
466.80      54.7
466.90      54.4
467.00      54.4
467.10      54.1
467.20      54.4
467.30      54.1
467.40      54.1
467.50      54.1
467.60      53.8
467.70      53.8
467.80      53.8
467.90      53.8
468.00      53.4
468.10      53.4
468.20      53.4
468.30      53.1
468.40      53.7
468.50      53.7
468.60      53.1
468.70      53.4
468.80      53.4
468.90      53.1
469.00      53.1
469.10      53.1
469.20      53.1
469.30      52.8
469.40      52.8
469.50      52.8
469.60      52.2
469.70      52.5
469.80      52.5
469.90      52.5
470.00      52.5
470.10      52.2
470.20      51.7
470.30      52.2
470.40      51.9
470.50      51.9
470.60      51.9
470.70      51.9
470.80      51.1
470.90      51.6
471.00      51.6
471.10      51.6
471.20      50.8
471.30      51.4
471.40      50.8
471.50      51.4
471.60      50.8
471.70      50.5
471.80      50.5
471.90      50.5
472.00      50.3
472.10      50.3
472.20      50.3
472.30      50.3
472.40      50.0
472.50      50.0
472.60      50.0
472.70      49.7
472.80      49.7
472.90      49.7
473.00      49.7
473.10      49.7
473.20      49.7
473.30      49.5
473.40      49.5
473.50      49.2
473.60      49.2
473.70      49.2
473.80      49.2
473.90      49.2
474.00      48.9
474.10      48.9
474.20      48.9
474.30      48.7
474.40      48.7
474.50      48.7
474.60      48.2
474.70      48.4
474.80      47.9
474.90      47.9
475.00      47.9
475.10      47.7
475.20      47.7
475.30      47.7
475.40      47.7
475.50      47.7
475.60      47.4
475.70      47.4
475.80      47.4
475.90      47.2
476.00      47.2
476.10      47.2
476.20      47.2
476.30      46.9
476.40      46.9
476.50      46.9
476.60      46.2
476.70      46.7
476.80      46.2
476.90      46.2
477.00      46.0
477.10      46.0
477.20      46.0
477.30      46.0
477.40      45.7
477.50      45.7
477.60      45.7
477.70      45.5
477.80      45.0
477.90      45.5
478.00      45.0
478.10      44.8
478.20      44.8
478.30      44.8
478.40      44.6
478.50      44.6
478.60      44.6
478.70      44.6
478.80      44.3
478.90      44.3
479.00      43.8
479.10      43.6
479.20      43.6
479.30      43.6
479.40      43.6
479.50      43.4
479.60      43.4
479.70      43.4
479.80      43.2
479.90      43.2
480.00      42.7
480.10      42.5
480.20      42.5
480.30      42.5
480.40      42.3
480.50      42.3
480.60      42.3
480.70      42.3
480.80      42.1
480.90      42.1
481.00      41.6
481.10      41.4
481.20      41.4
481.30      41.4
481.40      41.4
481.50      41.2
481.60      40.8
481.70      40.8
481.80      40.8
481.90      40.6
482.00      40.6
482.10      40.4
482.20      40.4
482.30      40.4
482.40      39.9
482.50      40.2
482.60      39.7
482.70      39.7
482.80      39.5
482.90      39.5
483.00      39.5
483.10      39.4
483.20      38.9
483.30      38.9
483.40      38.9
483.50      38.7
483.60      38.7
483.70      38.7
483.80      38.7
483.90      38.1
484.00      38.1
484.10      38.1
484.20      38.1
484.30      37.9
484.40      37.9
484.50      37.9
484.60      37.9
484.70      37.7
484.80      37.4
484.90      37.3
485.00      37.3
485.10      37.1
485.20      37.1
485.30      37.1
485.40      36.9
485.50      36.9
485.60      36.5
485.70      36.5
485.80      36.5
485.90      36.3
486.00      36.3
486.10      36.2
486.20      35.7
486.30      35.7
486.40      35.7
486.50      35.7
486.60      35.6
486.70      35.6
486.80      35.1
486.90      35.4
487.00      35.0
487.10      34.8
487.20      35.0
487.30      34.8
487.40      34.8
487.50      34.8
487.60      34.6
487.70      34.2
487.80      34.2
487.90      34.2
488.00      34.2
488.10      34.1
488.20      34.1
488.30      34.1
488.40      34.1
488.50      33.9
488.60      33.5
488.70      33.5
488.80      33.5
488.90      33.3
489.00      33.3
489.10      33.3
489.20      32.9
489.30      32.8
489.40      32.8
489.50      32.8
489.60      32.8
489.70      32.6
489.80      32.6
489.90      32.6
490.00      32.2
490.10      32.1
490.20      32.1
490.30      32.1
490.40      32.1
490.50      31.9
490.60      31.5
490.70      31.9
490.80      31.5
490.90      31.4
491.00      31.4
491.10      31.4
491.20      31.4
491.30      31.2
491.40      31.2
491.50      31.2
491.60      30.7
491.70      30.7
491.80      30.7
491.90      30.5
492.00      30.1
492.10      30.5
492.20      30.1
492.30      30.0
492.40      30.0
492.50      30.0
492.60      29.9
492.70      29.9
492.80      29.5
492.90      29.3
493.00      29.3
493.10      29.3
493.20      29.2
493.30      29.2
493.40      29.2
493.50      29.1
493.60      28.7
493.70      28.7
493.80      28.6
493.90      28.6
494.00      28.6
494.10      28.5
494.20      28.0
494.30      28.0
494.40      28.0
494.50      27.9
494.60      27.9
494.70      27.9
494.80      27.8
494.90      27.4
495.00      27.4
495.10      27.3
495.20      27.3
495.30      27.3
495.40      27.2
495.50      27.2
495.60      26.8
495.70      26.7
495.80      26.7
495.90      26.6
496.00      26.6
496.10      26.6
496.20      26.6
496.30      26.5
496.40      26.5
496.50      26.5
496.60      26.1
496.70      26.0
496.80      26.0
496.90      25.9
497.00      25.9
497.10      25.9
497.20      25.8
497.30      25.4
497.40      25.4
497.50      25.3
497.60      25.3
497.70      25.2
497.80      25.2
497.90      25.2
498.00      25.1
498.10      25.1
498.20      24.7
498.30      24.6
498.40      24.6
498.50      24.6
498.60      24.6
498.70      24.5
498.80      24.1
498.90      24.5
499.00      24.0
499.10      24.0
499.20      24.0
499.30      24.0
499.40      24.0
499.50      24.0
499.60      23.9
499.70      23.9
499.80      23.5
499.90      23.4
500.00      23.4
500.10      23.4
500.20      23.4
500.30      23.3
500.40      23.3
500.50      22.9
500.60      22.9
500.70      22.8
500.80      22.8
500.90      22.8
501.00      22.8
501.10      22.8
501.20      22.7
501.30      22.7
501.40      22.3
501.50      22.3
501.60      22.3
501.70      22.2
501.80      22.2
501.90      22.2
502.00      21.9
502.10      21.8
502.20      21.8
502.30      21.7
502.40      21.7
502.50      21.7
502.60      21.2
502.70      21.2
502.80      21.2
502.90      21.2
503.00      21.2
503.10      21.2
503.20      20.8
503.30      21.1
503.40      20.7
503.50      20.7
503.60      20.7
503.70      20.7
503.80      20.3
503.90      20.7
504.00      20.2
504.10      20.2
504.20      20.2
504.30      20.2
504.40      20.1
504.50      20.1
504.60      19.8
504.70      19.7
504.80      19.7
504.90      19.7
505.00      19.7
505.10      19.6
505.20      19.3
505.30      19.3
505.40      19.3
505.50      19.2
505.60      19.2
505.70      19.2
505.80      18.8
505.90      18.8
506.00      18.8
506.10      18.7
506.20      18.7
506.30      18.7
506.40      18.4
506.50      18.3
506.60      18.3
506.70      18.3
506.80      18.2
506.90      18.2
507.00      17.9
507.10      17.8
507.20      17.8
507.30      17.8
507.40      17.4
507.50      17.4
507.60      17.4
507.70      17.4
507.80      17.4
507.90      17.3
508.00      17.0
508.10      17.0
508.20      17.0
508.30      16.9
508.40      16.9
508.50      16.9
508.60      16.6
508.70      16.5
508.80      16.5
508.90      16.5
509.00      16.4
509.10      16.1
509.20      16.1
509.30      16.0
509.40      16.0
509.50      16.0
509.60      15.6
509.70      15.6
509.80      15.6
509.90      15.6
510.00      15.6
510.10      15.5
510.20      15.2
510.30      15.2
510.40      15.2
510.50      15.2
510.60      15.1
510.70      15.1
510.80      14.8
510.90      14.7
511.00      14.7
511.10      14.7
511.20      14.7
511.30      14.7
511.40      14.3
511.50      14.3
511.60      14.3
511.70      14.2
511.80      14.2
511.90      14.2
512.00      13.9
512.10      13.9
512.20      13.9
512.30      13.8
512.40      13.8
512.50      13.8
512.60      13.5
512.70      13.4
512.80      13.4
512.90      13.4
513.00      13.4
513.10      13.4
513.20      13.0
513.30      13.0
513.40      13.0
513.50      13.0
513.60      13.0
513.70      12.9
513.80      12.6
513.90      12.6
514.00      12.6
514.10      12.6
514.20      12.6
514.30      12.5
514.40      12.5
514.50      12.5
514.60      12.2
514.70      12.2
514.80      12.2
514.90      12.1
515.00      12.1
515.10      12.1
515.20      11.8
515.30      11.8
515.40      11.7
515.50      11.7
515.60      11.7
515.70      11.7
515.80      11.7
515.90      11.4
516.00      11.4
516.10      11.4
516.20      11.4
516.30      11.4
516.40      11.3
516.50      11.3
516.60      11.0
516.70      11.0
516.80      11.0
516.90      10.9
517.00      10.9
517.10      10.9
517.20      10.6
517.30      10.6
517.40      10.6
517.50      10.6
517.60      10.6
517.70      10.6
517.80      10.6
517.90      10.5
518.00      10.2
518.10      10.2
518.20      10.2
518.30      10.2
518.40      10.2
518.50      10.2
518.60      9.8
518.70      9.8
518.80      9.8
518.90      9.8
519.00      9.8
519.10      9.8
519.20      9.8
519.30      9.8
519.40      9.5
519.50      9.5
519.60      9.5
519.70      9.5
519.80      9.4
519.90      9.4
520.00      9.1
520.10      9.1
520.20      9.1
520.30      9.1
520.40      9.1
520.50      9.1
520.60      9.1
520.70      9.1
520.80      8.7
520.90      8.7
521.00      8.7
521.10      8.7
521.20      8.7
521.30      8.7
521.40      8.7
521.50      8.7
521.60      8.4
521.70      8.4
521.80      8.4
521.90      8.4
522.00      8.4
522.10      8.3
522.20      8.3
522.30      8.3
522.40      8.0
522.50      8.0
522.60      8.0
522.70      8.0
522.80      8.0
522.90      8.0
523.00      8.0
523.10      8.0
523.20      7.7
523.30      7.7
523.40      7.6
523.50      7.6
523.60      7.6
523.70      7.6
523.80      7.6
523.90      7.6
524.00      7.3
524.10      7.6
524.20      7.3
524.30      7.3
524.40      7.3
524.50      7.3
524.60      7.3
524.70      7.3
524.80      7.2
524.90      7.2
525.00      7.0
525.10      6.9
525.20      6.9
525.30      6.9
525.40      6.9
525.50      6.9
525.60      6.6
525.70      6.9
525.80      6.6
525.90      6.6
526.00      6.6
526.10      6.6
526.20      6.6
526.30      6.6
526.40      6.6
526.50      6.6
526.60      6.3
526.70      6.3
526.80      6.3
526.90      6.3
527.00      6.3
527.10      6.2
527.20      6.2
527.30      6.2
527.40      5.9
527.50      6.2
527.60      5.9
527.70      5.9
527.80      5.9
527.90      5.9
528.00      5.9
528.10      5.9
528.20      5.9
528.30      5.9
528.40      5.6
528.50      5.9
528.60      5.6
528.70      5.6
528.80      5.6
528.90      5.6
529.00      5.6
529.10      5.6
529.20      5.5
529.30      5.5
529.40      5.5
529.50      5.5
529.60      5.3
529.70      5.2
529.80      5.2
529.90      5.2
530.00      5.2
530.10      5.2
530.20      5.2
530.30      5.2
530.40      5.2
530.50      5.2
530.60      5.2
530.70      5.2
530.80      5.2
530.90      5.2
531.00      4.9
531.10      4.9
531.20      4.9
531.30      4.9
531.40      4.9
531.50      4.9
531.60      4.9
531.70      4.9
531.80      4.9
531.90      4.9
532.00      4.9
532.10      4.9
532.20      4.9
532.30      4.8
532.40      4.8
532.50      4.8
532.60      4.8
532.70      4.8
532.80      4.6
532.90      4.6
533.00      4.5
533.10      4.5
533.20      4.5
533.30      4.5
533.40      4.5
533.50      4.5
533.60      4.5
533.70      4.5
533.80      4.5
533.90      4.5
534.00      4.5
534.10      4.5
534.20      4.5
534.30      4.5
534.40      4.5
534.50      4.5
534.60      4.5
534.70      4.5
534.80      4.5
534.90      4.5
535.00      4.2
535.10      4.5
535.20      4.2
535.30      4.5
535.40      4.2
535.50      4.5
535.60      4.2
535.70      4.5
535.80      4.2
535.90      4.2
536.00      4.2
536.10      4.2
536.20      4.2
536.30      4.2
536.40      4.2
536.50      4.2
536.60      4.2
536.70      4.2
536.80      4.2
536.90      4.1
537.00      4.1
537.10      4.1
537.20      4.1
537.30      4.1
537.40      4.1
537.50      4.1
537.60      4.1
537.70      4.1
537.80      4.1
537.90      4.1
538.00      4.1
538.10      4.1
538.20      4.1
538.30      4.1
538.40      4.1
538.50      4.1
538.60      4.1
538.70      4.1
538.80      4.1
538.90      4.1
539.00      4.1
539.10      4.1
539.20      4.1
539.30      4.1
539.40      4.1
539.50      4.1
539.60      4.1
539.70      4.1
539.80      4.1
539.90      4.1
540.00      4.1
540.10      4.0
540.20      4.0
540.30      4.0
540.40      4.0
540.50      4.0
540.60      4.0
540.70      4.0
540.80      4.0
540.90      4.0
541.00      4.0
541.10      4.0
541.20      4.0
541.30      4.0
541.40      4.0
541.50      4.0
541.60      4.0
541.70      4.0
541.80      4.0
541.90      4.0
542.00      4.0
542.10      4.0
542.20      4.0
542.30      4.0
542.40      4.0
542.50      4.0
542.60      4.0
542.70      4.0
542.80      4.0
542.90      4.0
543.00      4.0
543.10      3.9
543.20      3.9
543.30      3.9
543.40      3.9
543.50      3.9
543.60      3.9
543.70      3.9
543.80      3.9
543.90      3.9
544.00      3.9
544.10      3.9
544.20      3.9
544.30      3.9
544.40      3.9
544.50      3.9
544.60      3.9
544.70      3.9
544.80      3.9
544.90      3.9
545.00      3.9
545.10      3.9
545.20      3.9
545.30      3.9
545.40      3.9
545.50      3.9
545.60      3.9
545.70      3.8
545.80      3.8
545.90      4.1
546.00      3.8
546.10      4.1
546.20      3.8
546.30      4.1
546.40      4.1
546.50      4.1
546.60      4.1
546.70      4.1
546.80      4.0
546.90      4.0
547.00      4.0
547.10      4.0
547.20      4.0
547.30      4.0
547.40      4.0
547.50      4.0
547.60      4.0
547.70      4.0
547.80      4.0
547.90      4.0
548.00      4.0
548.10      4.2
548.20      4.0
548.30      4.2
548.40      4.0
548.50      4.2
548.60      4.0
548.70      4.2
548.80      4.2
548.90      4.2
549.00      4.2
549.10      4.2
549.20      4.2
549.30      4.2
549.40      4.2
549.50      4.2
549.60      4.2
549.70      4.2
549.80      4.2
549.90      4.2
550.00      4.2
550.10      4.2
550.20      4.2
550.30      4.4
550.40      4.2
550.50      4.4
550.60      4.4
550.70      4.4
550.80      4.4
550.90      4.4
551.00      4.4
551.10      4.4
551.20      4.4
551.30      4.4
551.40      4.4
551.50      4.4
551.60      4.4
551.70      4.4
551.80      4.4
551.90      4.4
552.00      4.4
552.10      4.6
552.20      4.6
552.30      4.6
552.40      4.6
552.50      4.6
552.60      4.6
552.70      4.6
552.80      4.6
552.90      4.6
553.00      4.6
553.10      4.6
553.20      4.5
553.30      4.5
553.40      4.5
553.50      4.5
553.60      4.5
553.70      4.8
553.80      4.5
553.90      4.8
554.00      4.8
554.10      4.7
554.20      4.7
554.30      4.7
554.40      4.7
554.50      4.7
554.60      4.7
554.70      4.7
554.80      4.7
554.90      4.7
555.00      4.7
555.10      4.7
555.20      4.7
555.30      4.7
555.40      4.7
555.50      4.7
555.60      4.7
555.70      4.9
555.80      4.7
555.90      4.9
556.00      4.9
556.10      4.9
556.20      4.9
556.30      4.9
556.40      4.9
556.50      4.9
556.60      4.9
556.70      4.9
556.80      4.9
556.90      4.9
557.00      4.9
557.10      4.9
557.20      4.9
557.30      4.9
557.40      4.9
557.50      4.8
557.60      4.8
557.70      5.1
557.80      4.8
557.90      5.1
558.00      4.8
558.10      5.1
558.20      5.0
558.30      5.0
558.40      5.0
558.50      5.0
558.60      5.0
558.70      5.0
558.80      5.0
558.90      5.0
559.00      5.0
559.10      5.0
559.20      5.0
559.30      5.0
559.40      5.0
559.50      5.0
559.60      5.0
559.70      5.0
559.80      5.0
559.90      5.0
560.00      5.0
560.10      5.0
560.20      5.0
560.30      5.0
560.40      5.0
560.50      4.9
560.60      4.9
560.70      4.9
560.80      4.9
560.90      4.9
561.00      4.9
561.10      4.9
561.20      4.9
561.30      4.9
561.40      4.9
561.50      4.9
561.60      4.9
561.70      4.9
561.80      4.9
561.90      4.9
562.00      4.9
562.10      4.9
562.20      4.9
562.30      4.9
562.40      4.9
562.50      4.9
562.60      4.9
562.70      4.9
562.80      4.9
562.90      4.9
563.00      4.7
563.10      4.9
563.20      4.7
563.30      4.9
563.40      4.6
563.50      4.6
563.60      4.6
563.70      4.6
563.80      4.6
563.90      4.6
564.00      4.6
564.10      4.6
564.20      4.6
564.30      4.6
564.40      4.6
564.50      4.6
564.60      4.6
564.70      4.6
564.80      4.6
564.90      4.6
565.00      4.6
565.10      4.6
565.20      4.6
565.30      4.6
565.40      4.4
565.50      4.6
565.60      4.4
565.70      4.6
565.80      4.4
565.90      4.4
566.00      4.4
566.10      4.3
566.20      4.3
566.30      4.3
566.40      4.3
566.50      4.3
566.60      4.3
566.70      4.3
566.80      4.3
566.90      4.3
567.00      4.3
567.10      4.3
567.20      4.3
567.30      4.3
567.40      4.1
567.50      4.1
567.60      4.1
567.70      4.1
567.80      4.1
567.90      4.1
568.00      4.1
568.10      4.1
568.20      4.1
568.30      4.1
568.40      4.1
568.50      4.1
568.60      4.1
568.70      4.1
568.80      4.1
568.90      4.1
569.00      3.9
569.10      3.9
569.20      3.9
569.30      3.9
569.40      3.9
569.50      3.9
569.60      3.9
569.70      3.9
569.80      3.9
569.90      3.8
570.00      3.8
570.10      3.8
570.20      3.8
570.30      3.8
570.40      3.6
570.50      3.6
570.60      3.6
570.70      3.6
570.80      3.6
570.90      3.6
571.00      3.6
571.10      3.6
571.20      3.6
571.30      3.6
571.40      3.6
571.50      3.6
571.60      3.4
571.70      3.6
571.80      3.4
571.90      3.4
572.00      3.4
572.10      3.4
572.20      3.4
572.30      3.4
572.40      3.4
572.50      3.4
572.60      3.4
572.70      3.4
572.80      3.2
572.90      3.2
573.00      3.2
573.10      3.2
573.20      3.2
573.30      3.2
573.40      3.2
573.50      3.2
573.60      3.2
573.70      3.2
573.80      3.0
573.90      3.0
574.00      3.0
574.10      3.0
574.20      3.0
574.30      3.0
574.40      3.0
574.50      3.0
574.60      3.0
574.70      3.0
574.80      3.0
574.90      2.9
575.00      2.8
575.10      2.7
575.20      2.7
575.30      2.7
575.40      2.7
575.50      2.7
575.60      2.7
575.70      2.7
575.80      2.7
575.90      2.7
576.00      2.5
576.10      2.5
576.20      2.5
576.30      2.5
576.40      2.5
576.50      2.5
576.60      2.5
576.70      2.5
576.80      2.5
576.90      2.5
577.00      2.5
577.10      2.5
577.20      2.5
577.30      2.5
577.40      2.3
577.50      2.3
577.60      2.3
577.70      2.3
577.80      2.3
577.90      2.3
578.00      2.3
578.10      2.3
578.20      2.3
578.30      2.3
578.40      2.1
578.50      2.3
578.60      2.1
578.70      2.1
578.80      2.1
578.90      2.1
579.00      2.1
579.10      2.1
579.20      2.1
579.30      2.1
579.40      2.1
579.50      2.1
579.60      2.1
579.70      2.1
579.80      2.1
579.90      2.1
580.00      1.9
580.10      1.9
580.20      1.9
580.30      1.9
580.40      1.9
580.50      1.9
580.60      1.9
580.70      1.9
580.80      1.9
580.90      1.9
581.00      1.9
581.10      1.9
581.20      1.9
581.30      1.9
581.40      1.9
581.50      1.9
581.60      1.7
581.70      1.9
581.80      1.7
581.90      1.7
582.00      1.7
582.10      1.7
582.20      1.7
582.30      1.7
582.40      1.7
582.50      1.7
582.60      1.7
582.70      1.7
582.80      1.7
582.90      1.7
583.00      1.7
583.10      1.7
583.20      1.7
583.30      1.7
583.40      1.7
583.50      1.7
583.60      1.7
583.70      1.7
583.80      1.7
583.90      1.7
584.00      1.5
584.10      1.7
584.20      1.5
584.30      1.7
584.40      1.5
584.50      1.5
584.60      1.5
584.70      1.5
584.80      1.5
584.90      1.5
585.00      1.5
585.10      1.5
585.20      1.5
585.30      1.5
585.40      1.5
585.50      1.5
585.60      1.5
585.70      1.5
585.80      1.5
585.90      1.5
586.00      1.5
586.10      1.5
586.20      1.5
586.30      1.5
586.40      1.5
586.50      1.5
586.60      1.5
586.70      1.5
586.80      1.5
586.90      1.5
587.00      1.5
587.10      1.5
587.20      1.5
587.30      1.5
587.40      1.3
587.50      1.5
587.60      1.5
587.70      1.5
587.80      1.3
587.90      1.5
588.00      1.3
588.10      1.5
588.20      1.3
588.30      1.5
588.40      1.3
588.50      1.5
588.60      1.3
588.70      1.3
588.80      1.3
588.90      1.3
589.00      1.3
589.10      1.3
589.20      1.3
589.30      1.3
589.40      1.3
589.50      1.3
589.60      1.3
589.70      1.3
589.80      1.3
589.90      1.3
590.00      1.3
590.10      1.3
590.20      1.3
590.30      1.3
590.40      1.3
590.50      1.3
590.60      1.3
590.70      1.3
590.80      1.3
590.90      1.3
591.00      1.3
591.10      1.3
591.20      1.3
591.30      1.3
591.40      1.3
591.50      1.3
591.60      1.3
591.70      1.3
591.80      1.3
591.90      1.3
592.00      1.3
592.10      1.3
592.20      1.3
592.30      1.3
592.40      1.3
592.50      1.3
592.60      1.3
592.70      1.3
592.80      1.3
592.90      1.3
593.00      1.3
593.10      1.3
593.20      1.3
593.30      1.3
593.40      1.3
593.50      1.3
593.60      1.3
593.70      1.3
593.80      1.3
593.90      1.2
594.00      1.2
594.10      1.2
594.20      1.2
594.30      1.2
594.40      1.2
594.50      1.2
594.60      1.2
594.70      1.2
594.80      1.2
594.90      1.2
595.00      1.2
595.10      1.2
595.20      1.2
595.30      1.2
595.40      1.2
595.50      1.2
595.60      1.2
595.70      1.2
595.80      1.2
595.90      1.2
596.00      1.2
596.10      1.2
596.20      1.2
596.30      1.2
596.40      1.2
596.50      1.2
596.60      1.2
596.70      1.2
596.80      1.2
596.90      1.2
597.00      1.2
597.10      1.2
597.20      1.2
597.30      1.2
597.40      1.2
597.50      1.2
597.60      1.2
597.70      1.2
597.80      1.2
597.90      1.2
598.00      1.2
598.10      1.2
598.20      1.2
598.30      1.2
598.40      1.2
598.50      1.2
598.60      1.2
598.70      1.2
598.80      1.2
598.90      1.2
599.00      1.2
599.10      1.2
599.20      1.2
599.30      1.2
599.40      1.2
599.50      1.2
599.60      1.2
599.70      1.2
599.80      1.2
599.90      1.2
600.00      1.2
600.10      1.2
600.20      1.2
600.30      1.2
600.40      1.2
600.50      1.2
600.60      1.2
600.70      1.2
600.80      1.2
600.90      1.2
601.00      1.2
601.10      1.2
601.20      1.2
601.30      1.2
601.40      1.2
601.50      1.2
601.60      1.2
601.70      1.2
601.80      1.2
601.90      1.2
602.00      1.2
602.10      1.2
602.20      1.2
602.30      1.2
602.40      1.2
602.50      1.2
602.60      1.2
602.70      1.2
602.80      1.2
602.90      1.2
603.00      1.2
603.10      1.2
603.20      1.2
603.30      1.2
603.40      1.2
603.50      1.2
603.60      1.2
603.70      1.2
603.80      1.2
603.90      1.2
604.00      1.2
604.10      1.2
604.20      1.2
604.30      1.2
604.40      1.2
604.50      1.2
604.60      1.2
604.70      1.2
604.80      1.2
604.90      1.2
605.00      1.2
605.10      1.2
605.20      1.2
605.30      1.2
605.40      1.2
605.50      1.2
605.60      1.2
605.70      1.2
605.80      1.2
605.90      1.2
606.00      1.2
606.10      1.2
606.20      1.2
606.30      1.2
606.40      1.2
606.50      1.2
606.60      1.2
606.70      1.2
606.80      1.2
606.90      1.2
607.00      1.2
607.10      1.2
607.20      1.2
607.30      1.2
607.40      1.2
607.50      1.2
607.60      1.2
607.70      1.2
607.80      1.2
607.90      1.2
608.00      1.2
608.10      1.2
608.20      1.2
608.30      1.2
608.40      1.2
608.50      1.2
608.60      1.2
608.70      1.2
608.80      1.2
608.90      1.2
609.00      1.2
609.10      1.2
609.20      1.2
609.30      1.2
609.40      1.2
609.50      1.2
609.60      1.2
609.70      1.2
609.80      1.2
609.90      1.2
610.00      1.2
610.10      1.2
610.20      1.2
610.30      1.2
610.40      1.2
610.50      1.2
610.60      1.2
610.70      1.2
610.80      1.2
610.90      1.2
611.00      1.2
611.10      1.2
611.20      1.2
611.30      1.2
611.40      1.2
611.50      1.2
611.60      1.2
611.70      1.2
611.80      1.2
611.90      1.2
612.00      1.2
612.10      1.2
612.20      1.2
612.30      1.2
612.40      1.2
612.50      1.2
612.60      1.2
612.70      1.2
612.80      1.2
612.90      1.2
613.00      1.2
613.10      1.2
613.20      1.2
613.30      1.2
613.40      1.2
613.50      1.2
613.60      1.2
613.70      1.2
613.80      1.2
613.90      1.2
614.00      1.2
614.10      1.2
614.20      1.2
614.30      1.2
614.40      1.2
614.50      1.2
614.60      1.2
614.70      1.2
614.80      1.2
614.90      1.2
615.00      1.2
615.10      1.2
615.20      1.2
615.30      1.2
615.40      1.2
615.50      1.2
615.60      1.2
615.70      1.2
615.80      1.2
615.90      1.2
616.00      1.2
616.10      1.2
616.20      1.2
616.30      1.2
616.40      1.2
616.50      1.2
616.60      1.2
616.70      1.2
616.80      1.2
616.90      1.2
617.00      1.2
617.10      1.2
617.20      1.2
617.30      1.2
617.40      1.2
617.50      1.2
617.60      1.2
617.70      1.2
617.80      1.2
617.90      1.2
618.00      1.2
618.10      1.2
618.20      1.2
618.30      1.2
618.40      1.2
618.50      1.2
618.60      1.1
618.70      1.1
618.80      1.1
618.90      1.1
619.00      1.1
619.10      1.1
619.20      1.1
619.30      1.1
619.40      1.1
619.50      1.1
619.60      1.1
619.70      1.1
619.80      1.1
619.90      1.1
620.00      1.1
620.10      1.1
620.20      1.1
620.30      1.1
620.40      1.1
620.50      1.1
620.60      1.1
620.70      1.1
620.80      1.1
620.90      1.1
621.00      1.1
621.10      1.1
621.20      1.1
621.30      1.1
621.40      1.1
621.50      1.1
621.60      1.1
621.70      1.1
621.80      1.1
621.90      1.1
622.00      1.1
622.10      1.1
622.20      1.1
622.30      1.1
622.40      1.1
622.50      1.1
622.60      1.1
622.70      1.1
622.80      1.1
622.90      1.1
623.00      1.1
623.10      1.1
623.20      1.1
623.30      1.1
623.40      1.1
623.50      1.1
623.60      1.1
623.70      1.1
623.80      1.1
623.90      1.1
624.00      1.1
624.10      1.1
624.20      1.0
624.30      1.1
624.40      1.1
624.50      1.1
624.60      1.1
624.70      1.1
624.80      1.0
624.90      1.1
625.00      1.0
625.10      1.1
625.20      1.0
625.30      1.1
625.40      1.1
625.50      1.1
625.60      1.0
625.70      1.1
625.80      1.0
625.90      1.1
626.00      1.0
626.10      1.1
626.20      1.0
626.30      1.1
626.40      1.0
626.50      1.1
626.60      1.0
626.70      1.1
626.80      1.0
626.90      1.1
627.00      1.0
627.10      1.1
627.20      1.0
627.30      1.0
627.40      1.0
627.50      1.1
627.60      1.0
627.70      1.1
627.80      1.0
627.90      1.1
628.00      1.0
628.10      1.0
628.20      1.0
628.30      1.1
628.40      1.0
628.50      1.1
628.60      1.0
628.70      1.0
628.80      1.0
628.90      1.0
629.00      1.0
629.10      1.0
629.20      1.0
629.30      1.1
629.40      1.0
629.50      1.0
629.60      1.0
629.70      1.0
629.80      1.0
629.90      1.0
630.00      1.0
630.10      1.0
630.20      1.0
630.30      1.0
630.40      1.0
630.50      1.0
630.60      1.0
630.70      1.0
630.80      1.0
630.90      1.0
631.00      1.0
631.10      1.0
631.20      1.0
631.30      1.0
631.40      1.0
631.50      1.0
631.60      1.0
631.70      1.0
631.80      1.0
631.90      1.0
632.00      1.0
632.10      1.0
632.20      1.0
632.30      1.0
632.40      1.0
632.50      1.0
632.60      1.0
632.70      1.0
632.80      1.0
632.90      1.0
633.00      1.0
633.10      1.0
633.20      1.0
633.30      1.0
633.40      1.0
633.50      1.0
633.60      1.0
633.70      1.0
633.80      1.0
633.90      1.0
634.00      1.0
634.10      1.0
634.20      1.0
634.30      1.0
634.40      1.0
634.50      1.0
634.60      1.0
634.70      1.0
634.80      1.0
634.90      1.0
635.00      1.0
635.10      1.0
635.20      1.0
635.30      1.0
635.40      1.0
635.50      1.0
635.60      1.0
635.70      1.0
635.80      1.0
635.90      1.0
636.00      1.0
636.10      1.0
636.20      1.0
636.30      1.0
636.40      1.0
636.50      1.0
636.60      1.0
636.70      1.0
636.80      1.0
636.90      1.0
637.00      1.0
637.10      1.0
637.20      1.0
637.30      1.0
637.40      1.0
637.50      1.0
637.60      1.0
637.70      1.0
637.80      1.0
637.90      1.0
638.00      1.0
638.10      1.0
638.20      1.0
638.30      1.0
638.40      1.0
638.50      1.0
638.60      0.9
638.70      1.0
638.80      0.9
638.90      0.9
639.00      0.9
639.10      0.9
639.20      0.9
639.30      0.9
639.40      0.9
639.50      0.9
639.60      0.9
639.70      0.9
639.80      0.9
639.90      0.9
640.00      0.9
640.10      0.9
640.20      0.9
640.30      0.9
640.40      0.9
640.50      0.9
640.60      0.9
640.70      0.9
640.80      0.9
640.90      0.9
641.00      0.9
641.10      0.9
641.20      0.9
641.30      0.9
641.40      0.9
641.50      0.9
641.60      0.9
641.70      0.9
641.80      0.9
641.90      0.9
642.00      0.9
642.10      0.9
642.20      0.9
642.30      0.9
642.40      0.9
642.50      0.9
642.60      0.9
642.70      0.9
642.80      0.9
642.90      0.9
643.00      0.9
643.10      0.9
643.20      0.9
643.30      0.9
643.40      0.9
643.50      0.9
643.60      0.9
643.70      0.9
643.80      0.9
643.90      0.9
644.00      0.9
644.10      0.9
644.20      0.9
644.30      0.9
644.40      0.9
644.50      0.9
644.60      0.9
644.70      0.9
644.80      0.9
644.90      0.9
645.00      0.9
645.10      0.9
645.20      0.9
645.30      0.9
645.40      0.9
645.50      0.9
645.60      0.9
645.70      0.9
645.80      0.9
645.90      0.9
646.00      0.9
646.10      0.9
646.20      0.9
646.30      0.9
646.40      0.9
646.50      0.9
646.60      0.9
646.70      0.9
646.80      0.9
646.90      0.9
647.00      0.9
647.10      0.9
647.20      0.9
647.30      0.9
647.40      0.9
647.50      0.9
647.60      0.9
647.70      0.9
647.80      0.9
647.90      0.9
648.00      0.9
648.10      0.9
648.20      0.9
648.30      0.9
648.40      0.9
648.50      0.9
648.60      0.9
648.70      0.9
648.80      0.9
648.90      0.9
649.00      0.9
649.10      0.9
649.20      0.9
649.30      0.9
649.40      0.9
649.50      0.9
649.60      0.9
649.70      0.9
649.80      0.9
649.90      0.9
650.00      0.9
650.10      0.9
650.20      0.9
650.30      0.9
650.40      0.9
650.50      0.9
650.60      0.9
650.70      0.9
650.80      0.9
650.90      0.9
651.00      0.9
651.10      0.9
651.20      0.9
651.30      0.9
651.40      0.9
651.50      0.9
651.60      0.9
651.70      0.9
651.80      0.9
651.90      0.9
652.00      0.9
652.10      0.9
652.20      0.9
652.30      0.9
652.40      0.9
652.50      0.9
652.60      0.9
652.70      0.9
652.80      0.9
652.90      0.9
653.00      0.9
653.10      0.9
653.20      0.9
653.30      0.9
653.40      0.9
653.50      0.9
653.60      0.9
653.70      0.9
653.80      0.9
653.90      0.9
654.00      0.9
654.10      0.9
654.20      0.9
654.30      0.9
654.40      0.9
654.50      0.9
654.60      0.9
654.70      0.9
654.80      0.9
654.90      0.9
655.00      0.9
655.10      0.9
655.20      0.9
655.30      0.9
655.40      0.9
655.50      0.9
655.60      0.9
655.70      0.9
655.80      0.9
655.90      0.9
656.00      0.9
656.10      0.9
656.20      0.9
656.30      0.9
656.40      0.9
656.50      0.9
656.60      0.9
656.70      0.9
656.80      0.9
656.90      0.9
657.00      0.9
657.10      0.9
657.20      0.9
657.30      0.9
657.40      0.9
657.50      0.9
657.60      0.9
657.70      0.9
657.80      0.9
657.90      0.9
658.00      0.9
658.10      0.9
658.20      0.9
658.30      0.9
658.40      0.9
658.50      0.9
658.60      0.9
658.70      0.9
658.80      0.9
658.90      0.9
659.00      0.9
659.10      0.9
659.20      0.9
659.30      0.9
659.40      0.9
659.50      0.9
659.60      0.9
659.70      0.9
659.80      0.9
659.90      0.9
660.00      0.9
660.10      0.9
660.20      0.9
660.30      0.9
660.40      0.9
660.50      0.9
660.60      0.9
660.70      0.9
660.80      0.9
660.90      0.9
661.00      0.9
661.10      0.9
661.20      0.9
661.30      0.9
661.40      0.9
661.50      0.9
661.60      0.9
661.70      0.9
661.80      0.9
661.90      0.9
662.00      0.9
662.10      0.9
662.20      0.9
662.30      0.9
662.40      0.9
662.50      0.9
662.60      0.9
662.70      0.9
662.80      0.9
662.90      1.1
663.00      0.9
663.10      1.1
663.20      0.9
663.30      0.9
663.40      0.9
663.50      0.9
663.60      0.9
663.70      1.1
663.80      0.9
663.90      1.1
664.00      0.9
664.10      0.9
664.20      0.9
664.30      1.1
664.40      0.9
664.50      1.1
664.60      0.9
664.70      1.1
664.80      0.9
664.90      1.1
665.00      0.9
665.10      1.1
665.20      0.9
665.30      1.1
665.40      1.1
665.50      1.1
665.60      0.9
665.70      1.1
665.80      0.9
665.90      1.1
666.00      0.9
666.10      1.1
666.20      1.1
666.30      1.1
666.40      1.1
666.50      1.1
666.60      1.1
666.70      1.1
666.80      1.1
666.90      1.1
667.00      1.1
667.10      1.1
667.20      1.1
667.30      1.1
667.40      1.1
667.50      1.1
667.60      1.1
667.70      1.1
667.80      1.1
667.90      1.1
668.00      1.1
668.10      1.1
668.20      1.1
668.30      1.1
668.40      1.1
668.50      1.1
668.60      1.1
668.70      1.1
668.80      1.1
668.90      1.1
669.00      1.1
669.10      1.1
669.20      1.1
669.30      1.1
669.40      1.1
669.50      1.1
669.60      1.1
669.70      1.1
669.80      1.1
669.90      1.1
670.00      1.1
670.10      1.1
670.20      1.1
670.30      1.1
670.40      1.1
670.50      1.1
670.60      1.1
670.70      1.1
670.80      1.1
670.90      1.1
671.00      1.1
671.10      1.1
671.20      1.1
671.30      1.1
671.40      1.1
671.50      1.1
671.60      1.1
671.70      1.1
671.80      1.1
671.90      1.1
672.00      1.1
672.10      1.1
672.20      1.1
672.30      1.1
672.40      1.1
672.50      1.2
672.60      1.1
672.70      1.2
672.80      1.1
672.90      1.2
673.00      1.1
673.10      1.2
673.20      1.1
673.30      1.2
673.40      1.1
673.50      1.2
673.60      1.1
673.70      1.2
673.80      1.1
673.90      1.2
674.00      1.2
674.10      1.2
674.20      1.2
674.30      1.2
674.40      1.2
674.50      1.2
674.60      1.2
674.70      1.2
674.80      1.2
674.90      1.2
675.00      1.2
675.10      1.2
675.20      1.2
675.30      1.2
675.40      1.2
675.50      1.2
675.60      1.2
675.70      1.2
675.80      1.2
675.90      1.2
676.00      1.2
676.10      1.2
676.20      1.2
676.30      1.2
676.40      1.2
676.50      1.2
676.60      1.2
676.70      1.2
676.80      1.2
676.90      1.2
677.00      1.2
677.10      1.2
677.20      1.2
677.30      1.2
677.40      1.2
677.50      1.2
677.60      1.2
677.70      1.2
677.80      1.2
677.90      1.4
678.00      1.2
678.10      1.4
678.20      1.2
678.30      1.4
678.40      1.2
678.50      1.4
678.60      1.4
678.70      1.4
678.80      1.4
678.90      1.4
679.00      1.4
679.10      1.4
679.20      1.4
679.30      1.4
679.40      1.4
679.50      1.4
679.60      1.4
679.70      1.4
679.80      1.4
679.90      1.4
680.00      1.4
680.10      1.4
680.20      1.4
680.30      1.4
680.40      1.4
680.50      1.4
680.60      1.4
680.70      1.4
680.80      1.4
680.90      1.4
681.00      1.4
681.10      1.4
681.20      1.4
681.30      1.4
681.40      1.4
681.50      1.4
681.60      1.4
681.70      1.4
681.80      1.4
681.90      1.6
682.00      1.4
682.10      1.6
682.20      1.4
682.30      1.6
682.40      1.4
682.50      1.6
682.60      1.6
682.70      1.6
682.80      1.6
682.90      1.6
683.00      1.6
683.10      1.6
683.20      1.6
683.30      1.6
683.40      1.6
683.50      1.6
683.60      1.6
683.70      1.6
683.80      1.6
683.90      1.6
684.00      1.6
684.10      1.6
684.20      1.6
684.30      1.6
684.40      1.6
684.50      1.6
684.60      1.6
684.70      1.6
684.80      1.6
684.90      1.6
685.00      1.6
685.10      1.6
685.20      1.6
685.30      1.6
685.40      1.6
685.50      1.7
685.60      1.6
685.70      1.7
685.80      1.7
685.90      1.7
686.00      1.7
686.10      1.7
686.20      1.7
686.30      1.7
686.40      1.7
686.50      1.7
686.60      1.7
686.70      1.7
686.80      1.7
686.90      1.7
687.00      1.7
687.10      1.7
687.20      1.7
687.30      1.7
687.40      1.7
687.50      1.7
687.60      1.7
687.70      1.7
687.80      1.7
687.90      1.7
688.00      1.7
688.10      1.7
688.20      1.7
688.30      1.7
688.40      1.7
688.50      1.7
688.60      1.7
688.70      1.9
688.80      1.7
688.90      1.9
689.00      1.9
689.10      1.9
689.20      1.9
689.30      1.9
689.40      1.9
689.50      1.9
689.60      1.9
689.70      1.9
689.80      1.9
689.90      1.9
690.00      1.9
690.10      1.9
690.20      1.9
690.30      1.9
690.40      1.9
690.50      1.9
690.60      1.9
690.70      1.9
690.80      1.9
690.90      1.9
691.00      1.9
691.10      1.9
691.20      1.9
691.30      1.9
691.40      1.9
691.50      1.9
691.60      1.9
691.70      1.9
691.80      1.9
691.90      1.9
692.00      1.9
692.10      2.1
692.20      1.9
692.30      1.9
692.40      2.0
692.50      2.0
692.60      2.0
692.70      2.1
692.80      2.0
692.90      2.1
693.00      2.1
693.10      2.1
693.20      2.1
693.30      2.1
693.40      2.1
693.50      2.1
693.60      2.1
693.70      2.1
693.80      2.1
693.90      2.1
694.00      2.1
694.10      2.1
694.20      2.1
694.30      2.1
694.40      2.1
694.50      2.1
694.60      2.1
694.70      2.0
694.80      2.0
694.90      2.0
695.00      2.0
695.10      2.0
695.20      2.0
695.30      2.2
695.40      2.0
695.50      2.2
695.60      2.0
695.70      2.2
695.80      2.2
695.90      2.1
696.00      2.1
696.10      2.1
696.20      2.1
696.30      2.1
696.40      2.1
696.50      2.1
696.60      2.1
696.70      2.1
696.80      2.1
696.90      2.1
697.00      2.1
697.10      2.1
697.20      2.1
697.30      2.1
697.40      2.1
697.50      2.1
697.60      2.1
697.70      2.2
697.80      2.1
697.90      2.2
698.00      2.0
698.10      2.2
698.20      2.2
698.30      2.2
698.40      2.2
698.50      2.2
698.60      2.2
698.70      2.1
698.80      2.1
698.90      2.1
699.00      2.1
699.10      2.1
699.20      2.1
699.30      2.1
699.40      2.1
699.50      2.1
699.60      2.1
699.70      2.1
699.80      2.1
699.90      2.1
700.00      2.1
