400.00      21.4
400.10      21.4
400.20      21.4
400.30      21.4
400.40      17.9
400.50      21.4
400.60      17.9
400.70      21.4
400.80      17.9
400.90      20.7
401.00      17.9
401.10      20.7
401.20      17.2
401.30      20.7
401.40      17.2
401.50      20.7
401.60      17.2
401.70      20.7
401.80      17.2
401.90      20.7
402.00      17.2
402.10      20.0
402.20      16.7
402.30      20.0
402.40      16.7
402.50      20.0
402.60      16.7
402.70      20.0
402.80      16.7
402.90      20.0
403.00      16.7
403.10      19.4
403.20      16.1
403.30      19.4
403.40      19.4
403.50      19.4
403.60      16.1
403.70      19.4
403.80      16.1
403.90      19.4
404.00      19.4
404.10      19.4
404.20      16.1
404.30      18.8
404.40      16.1
404.50      18.8
404.60      15.6
404.70      18.8
404.80      15.6
404.90      18.8
405.00      15.6
405.10      18.8
405.20      15.6
405.30      18.8
405.40      15.6
405.50      18.2
405.60      15.6
405.70      18.2
405.80      15.2
405.90      18.2
406.00      15.2
406.10      18.2
406.20      15.2
406.30      18.2
406.40      18.2
406.50      18.2
406.60      15.2
406.70      18.2
406.80      15.2
406.90      17.6
407.00      14.7
407.10      17.6
407.20      14.7
407.30      17.6
407.40      14.7
407.50      17.6
407.60      14.7
407.70      17.6
407.80      14.7
407.90      17.1
408.00      14.7
408.10      17.1
408.20      14.7
408.30      17.1
408.40      14.3
408.50      17.1
408.60      14.3
408.70      17.1
408.80      14.3
408.90      17.1
409.00      14.3
409.10      17.1
409.20      14.3
409.30      16.7
409.40      13.9
409.50      16.7
409.60      13.9
409.70      16.7
409.80      13.9
409.90      16.7
410.00      13.9
410.10      16.7
410.20      13.9
410.30      16.2
410.40      13.9
410.50      16.2
410.60      13.5
410.70      16.2
410.80      13.5
410.90      16.2
411.00      13.5
411.10      16.2
411.20      13.5
411.30      16.2
411.40      13.5
411.50      15.8
411.60      13.2
411.70      15.8
411.80      13.2
411.90      15.8
412.00      13.2
412.10      15.8
412.20      13.2
412.30      15.8
412.40      13.2
412.50      15.4
412.60      12.8
412.70      15.4
412.80      12.8
412.90      15.4
413.00      12.8
413.10      15.4
413.20      12.8
413.30      15.0
413.40      12.5
413.50      15.0
413.60      12.5
413.70      15.0
413.80      12.5
413.90      15.0
414.00      12.5
414.10      14.6
414.20      12.2
414.30      14.6
414.40      12.2
414.50      14.6
414.60      12.2
414.70      14.6
414.80      12.2
414.90      14.3
415.00      11.9
415.10      14.3
415.20      14.3
415.30      14.3
415.40      11.9
415.50      14.3
415.60      11.9
415.70      14.0
415.80      11.9
415.90      14.0
416.00      11.6
416.10      14.0
416.20      11.6
416.30      14.0
416.40      11.6
416.50      13.6
416.60      11.4
416.70      13.6
416.80      11.4
416.90      13.6
417.00      11.4
417.10      13.6
417.20      11.4
417.30      13.3
417.40      11.1
417.50      13.3
417.60      11.1
417.70      13.3
417.80      11.1
417.90      13.3
418.00      11.1
418.10      13.0
418.20      10.9
418.30      13.0
418.40      10.9
418.50      13.0
418.60      10.9
418.70      13.0
418.80      10.9
418.90      12.8
419.00      10.6
419.10      12.8
419.20      10.6
419.30      12.8
419.40      10.6
419.50      12.5
419.60      10.6
419.70      12.5
419.80      10.4
419.90      12.5
420.00      10.4
420.10      12.5
420.20      10.4
420.30      12.2
420.40      10.2
420.50      12.2
420.60      10.2
420.70      12.2
420.80      10.2
420.90      12.2
421.00      10.2
421.10      12.2
421.20      10.2
421.30      12.0
421.40      10.0
421.50      12.0
421.60      10.0
421.70      12.0
421.80      10.0
421.90      11.8
422.00      9.8
422.10      11.8
422.20      9.8
422.30      11.8
422.40      9.8
422.50      11.8
422.60      9.8
422.70      11.8
422.80      9.6
422.90      11.5
423.00      9.6
423.10      11.5
423.20      9.6
423.30      11.5
423.40      9.6
423.50      11.3
423.60      9.4
423.70      11.3
423.80      9.4
423.90      11.3
424.00      9.4
424.10      11.3
424.20      9.4
424.30      11.1
424.40      9.3
424.50      11.1
424.60      9.3
424.70      11.1
424.80      9.3
424.90      10.9
425.00      9.3
425.10      10.9
425.20      9.1
425.30      10.9
425.40      9.1
425.50      10.9
425.60      9.1
425.70      10.7
425.80      8.9
425.90      10.7
426.00      8.9
426.10      10.7
426.20      8.9
426.30      10.7
426.40      8.9
426.50      10.5
426.60      8.8
426.70      10.5
426.80      8.8
426.90      10.5
427.00      8.8
427.10      10.3
427.20      8.6
427.30      10.3
427.40      8.6
427.50      10.3
427.60      8.6
427.70      10.2
427.80      8.5
427.90      10.2
428.00      8.5
428.10      10.2
428.20      8.5
428.30      10.0
428.40      8.3
428.50      10.0
428.60      8.3
428.70      10.0
428.80      8.3
428.90      9.8
429.00      8.2
429.10      9.8
429.20      8.2
429.30      9.8
429.40      8.2
429.50      9.7
429.60      8.1
429.70      9.7
429.80      8.1
429.90      9.5
430.00      7.9
430.10      9.5
430.20      7.9
430.30      9.5
430.40      7.9
430.50      9.4
430.60      7.8
430.70      9.4
430.80      7.8
430.90      9.2
431.00      7.7
431.10      9.2
431.20      7.7
431.30      9.2
431.40      7.7
431.50      9.1
431.60      7.6
431.70      9.1
431.80      9.1
431.90      9.0
432.00      7.5
432.10      9.0
432.20      7.5
432.30      8.8
432.40      7.4
432.50      8.8
432.60      7.4
432.70      8.8
432.80      7.4
432.90      8.7
433.00      7.2
433.10      8.7
433.20      7.2
433.30      8.6
433.40      7.1
433.50      8.6
433.60      7.1
433.70      8.5
433.80      7.0
433.90      8.5
434.00      7.0
434.10      8.3
434.20      6.9
434.30      8.3
434.40      6.9
434.50      8.3
434.60      6.8
434.70      8.2
434.80      6.8
434.90      8.1
435.00      8.1
435.10      8.1
435.20      6.8
435.30      8.0
435.40      6.7
435.50      8.0
435.60      6.7
435.70      7.9
435.80      7.9
435.90      7.9
436.00      6.6
436.10      7.8
436.20      6.5
436.30      7.8
436.40      7.8
436.50      7.8
436.60      6.4
436.70      7.7
436.80      6.4
436.90      7.7
437.00      6.3
437.10      7.6
437.20      6.3
437.30      7.6
437.40      6.3
437.50      7.5
437.60      6.3
437.70      7.5
437.80      6.3
437.90      7.4
438.00      6.2
438.10      7.4
438.20      6.2
438.30      7.3
438.40      6.1
438.50      7.3
438.60      6.1
438.70      7.2
438.80      6.0
438.90      7.2
439.00      6.0
439.10      7.1
439.20      6.0
439.30      7.1
439.40      5.9
439.50      7.1
439.60      5.9
439.70      7.1
439.80      7.1
439.90      7.0
440.00      5.8
440.10      7.0
440.20      5.7
440.30      6.9
440.40      6.9
440.50      6.9
440.60      5.7
440.70      6.8
440.80      5.7
440.90      6.7
441.00      5.6
441.10      6.7
441.20      6.7
441.30      6.7
441.40      6.7
441.50      6.7
441.60      5.6
441.70      6.7
441.80      5.6
441.90      6.6
442.00      6.6
442.10      6.6
442.20      6.6
442.30      6.5
442.40      5.4
442.50      6.5
442.60      5.4
442.70      6.5
442.80      6.5
442.90      6.5
443.00      6.5
443.10      6.4
443.20      5.3
443.30      6.4
443.40      6.4
443.50      6.3
443.60      6.3
443.70      6.3
443.80      6.3
443.90      6.3
444.00      6.3
444.10      6.2
444.20      6.2
444.30      6.2
444.40      6.2
444.50      6.1
444.60      6.1
444.70      6.1
444.80      6.1
444.90      6.1
445.00      6.1
445.10      6.0
445.20      6.0
445.30      6.0
445.40      6.0
445.50      5.9
445.60      5.9
445.70      5.9
445.80      5.9
445.90      5.9
446.00      5.9
446.10      5.8
446.20      5.8
446.30      5.8
446.40      5.8
446.50      5.8
446.60      5.8
446.70      5.7
446.80      5.7
446.90      5.7
447.00      5.7
447.10      5.7
447.20      5.7
447.30      5.6
447.40      5.6
447.50      5.6
447.60      5.6
447.70      5.6
447.80      5.5
447.90      5.5
448.00      5.5
448.10      5.5
448.20      5.5
448.30      5.4
448.40      5.4
448.50      5.4
448.60      5.4
448.70      5.4
448.80      5.4
448.90      5.3
449.00      5.3
449.10      5.3
449.20      5.3
449.30      5.3
449.40      5.3
449.50      5.2
449.60      5.2
449.70      5.2
449.80      5.2
449.90      5.2
450.00      5.2
450.10      5.1
450.20      5.1
450.30      5.1
450.40      5.1
450.50      5.1
450.60      5.1
450.70      5.0
450.80      5.0
450.90      5.0
451.00      5.0
451.10      5.0
451.20      5.0
451.30      5.0
451.40      5.0
451.50      5.0
451.60      4.9
451.70      4.9
451.80      4.9
451.90      4.9
452.00      4.9
452.10      4.8
452.20      4.8
452.30      4.8
452.40      4.8
452.50      4.8
452.60      4.8
452.70      4.8
452.80      4.8
452.90      4.8
453.00      4.7
453.10      5.5
453.20      4.7
453.30      5.5
453.40      4.7
453.50      5.5
453.60      4.7
453.70      5.4
453.80      5.4
453.90      5.4
454.00      5.4
454.10      5.4
454.20      5.4
454.30      5.3
454.40      5.3
454.50      5.3
454.60      5.3
454.70      5.3
454.80      5.3
454.90      5.3
455.00      5.3
455.10      5.3
455.20      5.2
455.30      5.2
455.40      5.2
455.50      5.2
455.60      5.2
455.70      5.2
455.80      5.2
455.90      5.1
456.00      5.1
456.10      5.1
456.20      5.1
456.30      5.1
456.40      5.1
456.50      5.1
456.60      5.1
456.70      5.1
456.80      5.1
456.90      5.0
457.00      5.0
457.10      5.0
457.20      5.0
457.30      5.0
457.40      5.0
457.50      5.0
457.60      5.0
457.70      5.7
457.80      5.0
457.90      5.6
458.00      5.6
458.10      5.6
458.20      5.6
458.30      5.6
458.40      5.6
458.50      5.6
458.60      5.6
458.70      5.6
458.80      5.6
458.90      5.5
459.00      5.5
459.10      5.5
459.20      5.5
459.30      5.5
459.40      5.5
459.50      5.4
459.60      5.4
459.70      5.4
459.80      5.4
459.90      5.4
460.00      5.4
460.10      6.0
460.20      5.4
460.30      6.0
460.40      5.4
460.50      6.0
460.60      6.0
460.70      6.0
460.80      6.0
460.90      6.0
461.00      6.0
461.10      5.9
461.20      5.9
461.30      5.9
461.40      5.9
461.50      5.9
461.60      5.9
461.70      5.8
461.80      5.8
461.90      5.8
462.00      5.8
462.10      6.5
462.20      5.8
462.30      6.4
462.40      6.4
462.50      6.4
462.60      6.4
462.70      6.4
462.80      6.4
462.90      6.3
463.00      6.3
463.10      6.3
463.20      6.3
463.30      6.3
463.40      6.3
463.50      6.9
463.60      6.3
463.70      6.9
463.80      6.8
463.90      6.8
464.00      6.8
464.10      6.8
464.20      6.8
464.30      6.8
464.40      6.7
464.50      6.7
464.60      6.7
464.70      6.7
464.80      6.7
464.90      7.3
465.00      7.3
465.10      7.3
465.20      7.3
465.30      7.2
465.40      7.2
465.50      7.2
465.60      7.2
465.70      7.2
465.80      7.2
465.90      7.1
466.00      7.1
466.10      7.7
466.20      7.7
466.30      7.7
466.40      7.7
466.50      7.7
466.60      7.6
466.70      7.6
466.80      7.6
466.90      7.6
467.00      7.6
467.10      8.1
467.20      8.2
467.30      8.1
467.40      8.1
467.50      8.1
467.60      8.1
467.70      8.1
467.80      8.1
467.90      8.7
468.00      8.0
468.10      8.6
468.20      8.6
468.30      8.6
468.40      8.6
468.50      8.6
468.60      8.6
468.70      8.5
468.80      8.5
468.90      8.5
469.00      8.5
469.10      9.0
469.20      9.0
469.30      9.0
469.40      9.0
469.50      9.0
469.60      9.0
469.70      8.9
469.80      8.9
469.90      9.5
470.00      9.5
470.10      9.4
470.20      9.4
470.30      9.4
470.40      9.4
470.50      9.4
470.60      9.4
470.70      9.4
470.80      9.3
470.90      9.9
471.00      9.9
471.10      9.9
471.20      9.8
471.30      9.8
471.40      9.8
471.50      9.8
471.60      9.8
471.70      10.3
471.80      9.8
471.90      10.3
472.00      10.3
472.10      10.3
472.20      10.3
472.30      10.3
472.40      10.2
472.50      10.2
472.60      10.2
472.70      10.7
472.80      10.7
472.90      10.7
473.00      10.7
473.10      10.7
473.20      10.7
473.30      10.6
473.40      10.6
473.50      11.1
473.60      11.1
473.70      11.1
473.80      11.1
473.90      11.1
474.00      11.1
474.10      11.1
474.20      11.1
474.30      11.5
474.40      11.5
474.50      11.5
474.60      11.5
474.70      11.5
474.80      11.5
474.90      11.5
475.00      12.0
475.10      11.9
475.20      11.9
475.30      11.9
475.40      11.9
475.50      11.9
475.60      11.9
475.70      12.4
475.80      12.4
475.90      12.3
476.00      12.3
476.10      12.3
476.20      12.3
476.30      12.8
476.40      12.8
476.50      12.8
476.60      12.7
476.70      12.7
476.80      12.7
476.90      13.2
477.00      12.6
477.10      13.1
477.20      13.1
477.30      13.1
477.40      13.1
477.50      13.6
477.60      13.6
477.70      13.5
477.80      13.5
477.90      13.5
478.00      13.5
478.10      13.9
478.20      13.9
478.30      13.9
478.40      13.9
478.50      13.9
478.60      13.9
478.70      14.4
478.80      14.3
478.90      14.3
479.00      14.3
479.10      14.2
479.20      14.7
479.30      14.7
479.40      14.7
479.50      14.6
479.60      14.6
479.70      15.1
479.80      15.0
479.90      15.0
480.00      15.0
480.10      15.5
480.20      15.5
480.30      15.5
480.40      15.4
480.50      15.4
480.60      15.4
480.70      15.9
480.80      15.8
480.90      15.8
481.00      15.8
481.10      16.2
481.20      16.2
481.30      16.2
481.40      16.2
481.50      16.6
481.60      16.6
481.70      16.6
481.80      16.6
481.90      16.5
482.00      16.5
482.10      16.9
482.20      16.9
482.30      16.9
482.40      16.9
482.50      17.3
482.60      17.3
482.70      17.3
482.80      17.2
482.90      17.7
483.00      17.7
483.10      17.6
483.20      17.6
483.30      18.1
483.40      18.1
483.50      18.0
483.60      18.0
483.70      18.4
483.80      18.4
483.90      18.3
484.00      18.3
484.10      18.3
484.20      18.3
484.30      18.7
484.40      18.7
484.50      18.7
484.60      18.7
484.70      19.1
484.80      19.2
484.90      19.1
485.00      19.1
485.10      19.0
485.20      19.5
485.30      19.5
485.40      19.4
485.50      19.4
485.60      19.8
485.70      19.8
485.80      19.8
485.90      19.7
486.00      19.7
486.10      20.1
486.20      20.1
486.30      20.1
486.40      20.1
486.50      20.5
486.60      20.4
486.70      20.4
486.80      20.4
486.90      20.8
487.00      20.8
487.10      20.7
487.20      20.8
487.30      21.1
487.40      21.1
487.50      21.1
487.60      21.1
487.70      21.5
487.80      21.5
487.90      21.5
488.00      21.5
488.10      21.8
488.20      21.8
488.30      21.8
488.40      21.8
488.50      21.7
488.60      22.2
488.70      22.2
488.80      22.2
488.90      22.1
489.00      22.1
489.10      22.5
489.20      22.5
489.30      22.4
489.40      22.4
489.50      22.8
489.60      22.8
489.70      22.7
489.80      22.7
489.90      23.2
490.00      23.2
490.10      23.1
490.20      23.1
490.30      23.5
490.40      23.5
490.50      23.4
490.60      23.4
490.70      23.8
490.80      23.8
490.90      23.7
491.00      23.7
491.10      24.2
491.20      24.2
491.30      24.1
491.40      24.5
491.50      24.5
491.60      24.4
491.70      24.4
491.80      24.8
491.90      24.7
492.00      24.7
492.10      25.1
492.20      25.1
492.30      25.0
492.40      25.0
492.50      25.4
492.60      25.3
492.70      25.3
492.80      25.3
492.90      25.6
493.00      25.6
493.10      26.0
493.20      25.9
493.30      25.9
493.40      25.9
493.50      26.2
493.60      26.2
493.70      26.6
493.80      26.5
493.90      26.5
494.00      26.5
494.10      26.8
494.20      26.8
494.30      27.2
494.40      27.2
494.50      27.1
494.60      27.1
494.70      27.5
494.80      27.4
494.90      27.4
495.00      27.8
495.10      27.7
495.20      27.7
495.30      28.1
495.40      28.0
495.50      28.4
495.60      28.4
495.70      28.3
495.80      28.3
495.90      28.6
496.00      28.6
496.10      28.6
496.20      29.0
496.30      28.9
496.40      28.9
496.50      29.2
496.60      29.2
496.70      29.1
496.80      29.5
496.90      29.4
497.00      29.4
497.10      29.8
497.20      29.7
497.30      30.1
497.40      30.1
497.50      30.0
497.60      30.0
497.70      30.2
497.80      30.2
497.90      30.6
498.00      30.5
498.10      30.5
498.20      30.5
498.30      30.8
498.40      30.8
498.50      31.2
498.60      31.2
498.70      31.4
498.80      31.4
498.90      31.4
499.00      31.3
499.10      31.7
499.20      31.7
499.30      31.6
499.40      31.9
499.50      31.9
499.60      31.8
499.70      32.2
499.80      32.2
499.90      32.5
500.00      32.5
500.10      32.5
500.20      32.5
500.30      32.7
500.40      32.7
500.50      33.1
500.60      33.1
500.70      33.0
500.80      33.0
500.90      33.3
501.00      33.2
501.10      33.2
501.20      33.5
501.30      33.5
501.40      33.5
501.50      33.8
501.60      33.8
501.70      33.7
501.80      34.1
501.90      34.1
502.00      34.1
502.10      34.3
502.20      34.3
502.30      34.2
502.40      34.6
502.50      34.6
502.60      34.4
502.70      34.8
502.80      34.8
502.90      34.8
503.00      34.7
503.10      35.0
503.20      35.0
503.30      34.9
503.40      35.3
503.50      35.3
503.60      35.3
503.70      35.5
503.80      35.5
503.90      35.5
504.00      35.7
504.10      35.7
504.20      35.7
504.30      36.1
504.40      36.0
504.50      36.0
504.60      36.0
504.70      36.2
504.80      36.2
504.90      36.2
505.00      36.2
505.10      36.4
505.20      36.4
505.30      36.8
505.40      36.8
505.50      36.7
505.60      36.7
505.70      37.0
505.80      36.9
505.90      37.2
506.00      37.2
506.10      37.1
506.20      37.1
506.30      37.5
506.40      37.5
506.50      37.3
506.60      37.7
506.70      37.7
506.80      37.5
506.90      37.9
507.00      37.9
507.10      37.8
507.20      38.1
507.30      38.0
507.40      38.0
507.50      38.3
507.60      38.3
507.70      38.2
507.80      38.5
507.90      38.4
508.00      38.4
508.10      38.8
508.20      38.8
508.30      39.0
508.40      39.0
508.50      39.0
508.60      39.0
508.70      39.2
508.80      39.2
508.90      39.5
509.00      39.4
509.10      39.7
509.20      39.7
509.30      39.6
509.40      39.9
509.50      39.9
509.60      39.8
509.70      40.1
509.80      40.1
509.90      40.0
510.00      40.3
510.10      40.2
510.20      40.5
510.30      40.5
510.40      40.4
510.50      40.7
510.60      40.6
510.70      40.6
510.80      40.9
510.90      40.8
511.00      40.8
511.10      41.1
511.20      41.1
511.30      41.3
511.40      41.3
511.50      41.5
511.60      41.5
511.70      41.4
511.80      41.4
511.90      41.7
512.00      41.7
512.10      41.9
512.20      41.9
512.30      42.1
512.40      42.1
512.50      42.1
512.60      42.4
512.70      42.3
512.80      42.3
512.90      42.5
513.00      42.5
513.10      42.7
513.20      42.7
513.30      42.7
513.40      42.9
513.50      42.9
513.60      42.9
513.70      43.0
513.80      43.0
513.90      43.0
514.00      43.4
514.10      43.2
514.20      43.2
514.30      43.4
514.40      43.4
514.50      43.6
514.60      43.6
514.70      43.6
514.80      43.6
514.90      43.8
515.00      43.8
515.10      43.9
515.20      43.9
515.30      43.9
515.40      43.8
515.50      44.1
515.60      44.1
515.70      44.3
515.80      44.3
515.90      44.3
516.00      44.3
516.10      44.5
516.20      44.5
516.30      44.8
516.40      44.7
516.50      44.7
516.60      44.7
516.70      44.8
516.80      44.8
516.90      44.7
517.00      45.0
517.10      44.9
517.20      44.9
517.30      45.2
517.40      45.2
517.50      45.0
517.60      45.0
517.70      45.3
517.80      45.3
517.90      45.5
518.00      45.5
518.10      45.5
518.20      45.4
518.30      45.7
518.40      45.7
518.50      45.8
518.60      45.8
518.70      45.7
518.80      45.7
518.90      46.0
519.00      46.0
519.10      45.9
519.20      45.9
519.30      46.0
519.40      46.0
519.50      46.0
519.60      46.3
519.70      46.3
519.80      46.2
519.90      46.2
520.00      46.2
520.10      46.4
520.20      46.4
520.30      46.4
520.40      46.5
520.50      46.5
520.60      46.5
520.70      46.8
520.80      46.7
520.90      46.7
521.00      46.7
521.10      46.8
521.20      46.8
521.30      46.8
521.40      46.8
521.50      47.1
521.60      47.0
521.70      47.0
521.80      47.0
521.90      47.2
522.00      47.2
522.10      47.0
522.20      47.0
522.30      47.3
522.40      47.3
522.50      47.2
522.60      47.2
522.70      47.3
522.80      47.3
522.90      47.3
523.00      47.6
523.10      47.5
523.20      47.5
523.30      47.5
523.40      47.6
523.50      47.6
523.60      47.6
523.70      47.5
523.80      47.8
523.90      47.7
524.00      47.7
524.10      48.0
524.20      47.8
524.30      47.8
524.40      47.8
524.50      48.0
524.60      48.0
524.70      48.0
524.80      47.8
524.90      48.1
525.00      48.1
525.10      48.0
525.20      48.3
525.30      48.3
525.40      48.1
525.50      48.4
525.60      48.4
525.70      48.3
525.80      48.3
525.90      48.1
526.00      48.4
526.10      48.4
526.20      48.4
526.30      48.3
526.40      48.6
526.50      48.4
526.60      48.4
526.70      48.6
526.80      48.6
526.90      48.6
527.00      48.6
527.10      48.7
527.20      48.7
527.30      48.6
527.40      48.6
527.50      48.6
527.60      48.7
527.70      48.7
527.80      48.7
527.90      48.9
528.00      48.9
528.10      48.7
528.20      48.7
528.30      49.0
528.40      48.9
528.50      48.9
528.60      48.9
528.70      49.0
528.80      49.0
528.90      49.0
529.00      48.9
529.10      48.9
529.20      49.0
529.30      49.0
529.40      49.0
529.50      49.0
529.60      49.3
529.70      49.2
529.80      49.0
529.90      49.0
530.00      49.0
530.10      48.9
530.20      49.0
530.30      49.2
530.40      49.2
530.50      49.0
530.60      48.9
530.70      48.9
530.80      49.2
530.90      49.0
531.00      49.0
531.10      48.9
531.20      48.9
531.30      49.2
531.40      49.1
531.50      49.1
531.60      49.1
531.70      49.3
531.80      49.2
531.90      49.2
532.00      49.2
532.10      49.1
532.20      49.1
532.30      48.9
532.40      48.9
532.50      49.2
532.60      49.2
532.70      49.2
532.80      49.1
532.90      49.1
533.00      48.9
533.10      49.2
533.20      49.2
533.30      49.1
533.40      49.1
533.50      49.1
533.60      49.1
533.70      48.9
533.80      49.2
533.90      49.1
534.00      49.1
534.10      49.1
534.20      49.1
534.30      48.9
534.40      48.9
534.50      48.9
534.60      48.9
534.70      49.1
534.80      49.1
534.90      49.1
535.00      49.1
535.10      48.9
535.20      48.9
535.30      48.8
535.40      48.8
535.50      48.8
535.60      48.7
535.70      49.0
535.80      49.0
535.90      48.8
536.00      48.8
536.10      48.8
536.20      48.8
536.30      48.7
536.40      49.0
536.50      49.0
536.60      48.7
536.70      48.8
536.80      48.8
536.90      48.7
537.00      48.7
537.10      48.7
537.20      48.7
537.30      48.6
537.40      48.6
537.50      48.8
537.60      48.5
537.70      48.7
537.80      48.7
537.90      48.7
538.00      48.7
538.10      48.6
538.20      48.6
538.30      48.5
538.40      48.5
538.50      48.5
538.60      48.3
538.70      48.3
538.80      48.3
538.90      48.3
539.00      48.5
539.10      48.5
539.20      48.5
539.30      48.5
539.40      48.3
539.50      48.3
539.60      48.3
539.70      48.5
539.80      48.2
539.90      48.4
540.00      48.4
540.10      48.2
540.20      48.2
540.30      48.2
540.40      48.1
540.50      48.1
540.60      48.1
540.70      48.0
540.80      48.0
540.90      48.0
541.00      48.0
541.10      47.9
541.20      47.9
541.30      47.8
541.40      47.8
541.50      48.0
541.60      47.6
541.70      47.9
541.80      47.9
541.90      47.8
542.00      47.8
542.10      47.8
542.20      47.6
542.30      47.6
542.40      47.5
542.50      47.5
542.60      47.5
542.70      47.4
542.80      47.4
542.90      47.4
543.00      47.4
543.10      47.3
543.20      47.3
543.30      47.2
543.40      47.2
543.50      47.1
543.60      47.3
543.70      47.1
543.80      46.9
543.90      46.9
544.00      46.9
544.10      46.8
544.20      46.8
544.30      46.8
544.40      46.8
544.50      47.0
544.60      46.7
544.70      46.6
544.80      46.6
544.90      46.5
545.00      46.5
545.10      46.5
545.20      46.4
545.30      46.4
545.40      46.4
545.50      46.3
545.60      46.3
545.70      46.2
545.80      46.2
545.90      46.2
546.00      46.2
546.10      46.0
546.20      46.0
546.30      45.9
546.40      45.9
546.50      45.9
546.60      45.8
546.70      45.8
546.80      45.7
546.90      45.7
547.00      45.7
547.10      45.6
547.20      45.6
547.30      45.5
547.40      45.5
547.50      45.5
547.60      45.3
547.70      45.2
547.80      45.2
547.90      45.2
548.00      45.2
548.10      45.0
548.20      45.0
548.30      45.0
548.40      44.9
548.50      44.9
548.60      44.9
548.70      44.8
548.80      44.8
548.90      44.8
549.00      44.8
549.10      44.7
549.20      44.7
549.30      44.6
549.40      44.6
549.50      44.6
549.60      44.3
549.70      44.5
549.80      44.2
549.90      44.2
550.00      44.2
550.10      44.2
550.20      44.2
550.30      44.1
550.40      44.1
550.50      44.0
550.60      44.0
550.70      44.0
550.80      43.6
550.90      43.9
551.00      43.6
551.10      43.9
551.20      43.5
551.30      43.5
551.40      43.5
551.50      43.4
551.60      43.4
551.70      43.4
551.80      43.3
551.90      43.3
552.00      43.3
552.10      43.2
552.20      43.0
552.30      43.2
552.40      43.0
552.50      42.9
552.60      42.9
552.70      42.9
552.80      42.9
552.90      42.8
553.00      42.8
553.10      42.6
553.20      42.5
553.30      42.5
553.40      42.5
553.50      42.5
553.60      42.5
553.70      42.4
553.80      42.4
553.90      42.3
554.00      42.3
554.10      42.2
554.20      42.0
554.30      42.2
554.40      42.0
554.50      41.9
554.60      41.9
554.70      41.9
554.80      41.8
554.90      41.8
555.00      41.7
555.10      41.7
555.20      41.5
555.30      41.5
555.40      41.4
555.50      41.4
555.60      41.4
555.70      41.4
555.80      41.3
555.90      41.3
556.00      41.3
556.10      41.2
556.20      41.0
556.30      41.0
556.40      40.9
556.50      40.9
556.60      40.9
556.70      40.8
556.80      40.8
556.90      40.5
557.00      40.6
557.10      40.5
557.20      40.4
557.30      40.4
557.40      40.2
557.50      40.1
557.60      40.1
557.70      40.1
557.80      40.0
557.90      40.0
558.00      39.8
558.10      39.8
558.20      39.7
558.30      39.7
558.40      39.6
558.50      39.6
558.60      39.4
558.70      39.3
558.80      39.3
558.90      39.2
559.00      39.2
559.10      39.2
559.20      38.9
559.30      38.9
559.40      38.9
559.50      38.8
559.60      38.8
559.70      38.8
559.80      38.5
559.90      38.5
560.00      38.4
560.10      38.4
560.20      38.4
560.30      38.4
560.40      38.1
560.50      38.1
560.60      38.1
560.70      38.1
560.80      38.1
560.90      37.8
561.00      37.8
561.10      37.8
561.20      37.8
561.30      37.5
561.40      37.5
561.50      37.4
561.60      37.4
561.70      37.4
561.80      37.2
561.90      37.1
562.00      37.1
562.10      37.0
562.20      37.0
562.30      36.8
562.40      36.7
562.50      36.7
562.60      36.7
562.70      36.7
562.80      36.4
562.90      36.4
563.00      36.4
563.10      36.2
563.20      36.2
563.30      36.1
563.40      36.1
563.50      36.0
563.60      35.8
563.70      35.8
563.80      35.8
563.90      35.7
564.00      35.5
564.10      35.5
564.20      35.4
564.30      35.4
564.40      35.4
564.50      35.4
564.60      35.1
564.70      35.1
564.80      35.1
564.90      35.1
565.00      35.1
565.10      35.0
565.20      34.8
565.30      34.8
565.40      34.8
565.50      34.7
565.60      34.7
565.70      34.5
565.80      34.4
565.90      34.4
566.00      34.4
566.10      34.4
566.20      34.2
566.30      34.2
566.40      34.0
566.50      34.1
566.60      33.9
566.70      33.9
566.80      33.9
566.90      33.8
567.00      33.6
567.10      33.5
567.20      33.5
567.30      33.5
567.40      33.5
567.50      33.5
567.60      33.3
567.70      33.3
567.80      33.3
567.90      33.2
568.00      33.0
568.10      33.0
568.20      33.0
568.30      32.9
568.40      32.9
568.50      32.7
568.60      32.7
568.70      32.7
568.80      32.7
568.90      32.4
569.00      32.4
569.10      32.4
569.20      32.4
569.30      32.3
569.40      32.1
569.50      32.1
569.60      32.1
569.70      32.0
569.80      31.8
569.90      31.8
570.00      31.8
570.10      31.8
570.20      31.8
570.30      31.7
570.40      31.5
570.50      31.5
570.60      31.5
570.70      31.5
570.80      31.5
570.90      31.3
571.00      31.3
571.10      31.2
571.20      31.0
571.30      30.9
571.40      30.9
571.50      30.9
571.60      30.7
571.70      30.7
571.80      30.7
571.90      30.6
572.00      30.5
572.10      30.4
572.20      30.4
572.30      30.4
572.40      30.1
572.50      30.1
572.60      30.1
572.70      30.1
572.80      29.9
572.90      29.8
573.00      29.8
573.10      29.8
573.20      29.6
573.30      29.6
573.40      29.6
573.50      29.6
573.60      29.4
573.70      29.4
573.80      29.3
573.90      29.3
574.00      29.1
574.10      29.1
574.20      29.1
574.30      28.8
574.40      28.8
574.50      28.8
574.60      28.6
574.70      28.5
574.80      28.5
574.90      28.5
575.00      28.3
575.10      28.2
575.20      28.2
575.30      28.2
575.40      28.0
575.50      28.0
575.60      28.0
575.70      28.0
575.80      27.8
575.90      27.7
576.00      27.5
576.10      27.5
576.20      27.5
576.30      27.5
576.40      27.3
576.50      27.2
576.60      27.2
576.70      27.2
576.80      27.0
576.90      27.0
577.00      27.0
577.10      26.8
577.20      26.7
577.30      26.7
577.40      26.6
577.50      26.5
577.60      26.6
577.70      26.5
577.80      26.3
577.90      26.3
578.00      26.3
578.10      26.3
578.20      26.0
578.30      26.0
578.40      25.8
578.50      25.8
578.60      25.8
578.70      25.8
578.80      25.6
578.90      25.5
579.00      25.5
579.10      25.5
579.20      25.3
579.30      25.3
579.40      25.3
579.50      25.3
579.60      25.0
579.70      25.0
579.80      25.0
579.90      24.8
580.00      24.8
580.10      24.8
580.20      24.6
580.30      24.8
580.40      24.6
580.50      24.5
580.60      24.5
580.70      24.3
580.80      24.3
580.90      24.3
581.00      24.1
581.10      24.1
581.20      24.1
581.30      24.1
581.40      23.9
581.50      23.9
581.60      23.9
581.70      23.9
581.80      23.6
581.90      23.6
582.00      23.6
582.10      23.6
582.20      23.4
582.30      23.4
582.40      23.4
582.50      23.4
582.60      23.2
582.70      23.2
582.80      23.1
582.90      23.1
583.00      22.9
583.10      22.9
583.20      22.9
583.30      22.9
583.40      22.7
583.50      22.7
583.60      22.7
583.70      22.7
583.80      22.5
583.90      22.5
584.00      22.5
584.10      22.4
584.20      22.2
584.30      22.2
584.40      22.2
584.50      22.2
584.60      22.0
584.70      22.0
584.80      22.0
584.90      22.0
585.00      21.8
585.10      21.8
585.20      21.8
585.30      21.8
585.40      21.6
585.50      21.6
585.60      21.6
585.70      21.6
585.80      21.4
585.90      21.3
586.00      21.3
586.10      21.3
586.20      21.1
586.30      21.1
586.40      21.1
586.50      21.1
586.60      20.9
586.70      20.9
586.80      20.8
586.90      20.8
587.00      20.7
587.10      20.6
587.20      20.7
587.30      20.6
587.40      20.4
587.50      20.4
587.60      20.4
587.70      20.2
587.80      20.2
587.90      20.2
588.00      20.2
588.10      20.0
588.20      20.0
588.30      20.0
588.40      20.0
588.50      19.8
588.60      19.8
588.70      19.8
588.80      19.6
588.90      19.6
589.00      19.6
589.10      19.5
589.20      19.3
589.30      19.3
589.40      19.3
589.50      19.2
589.60      19.1
589.70      19.1
589.80      19.1
589.90      18.9
590.00      18.9
590.10      18.9
590.20      18.7
590.30      18.7
590.40      18.7
590.50      18.7
590.60      18.5
590.70      18.5
590.80      18.5
590.90      18.5
591.00      18.3
591.10      18.3
591.20      18.3
591.30      18.3
591.40      18.1
591.50      18.1
591.60      17.8
591.70      17.9
591.80      17.8
591.90      17.8
592.00      17.7
592.10      17.6
592.20      17.6
592.30      17.6
592.40      17.4
592.50      17.4
592.60      17.4
592.70      17.4
592.80      17.2
592.90      17.2
593.00      17.2
593.10      17.0
593.20      17.0
593.30      17.0
593.40      16.8
593.50      16.8
593.60      16.8
593.70      16.8
593.80      16.6
593.90      16.6
594.00      16.6
594.10      16.6
594.20      16.4
594.30      16.4
594.40      16.4
594.50      16.4
594.60      16.2
594.70      16.2
594.80      16.2
594.90      16.2
595.00      16.0
595.10      16.0
595.20      15.8
595.30      15.8
595.40      15.8
595.50      15.8
595.60      15.6
595.70      15.6
595.80      15.6
595.90      15.6
596.00      15.6
596.10      15.5
596.20      15.4
596.30      15.4
596.40      15.3
596.50      15.3
596.60      15.2
596.70      15.2
596.80      15.2
596.90      15.1
597.00      15.0
597.10      15.0
597.20      15.0
597.30      14.9
597.40      14.8
597.50      14.8
597.60      14.8
597.70      14.8
597.80      14.6
597.90      14.6
598.00      14.6
598.10      14.6
598.20      14.6
598.30      14.4
598.40      14.4
598.50      14.4
598.60      14.4
598.70      14.4
598.80      14.2
598.90      14.2
599.00      14.2
599.10      14.2
599.20      14.0
599.30      14.0
599.40      14.0
599.50      14.0
599.60      14.0
599.70      14.0
599.80      13.8
599.90      13.8
600.00      13.8
600.10      13.8
600.20      13.6
600.30      13.6
600.40      13.6
600.50      13.6
600.60      13.6
600.70      13.4
600.80      13.4
600.90      13.4
601.00      13.4
601.10      13.4
601.20      13.2
601.30      13.2
601.40      13.2
601.50      13.2
601.60      13.2
601.70      13.2
601.80      13.0
601.90      13.0
602.00      13.0
602.10      13.0
602.20      12.8
602.30      12.8
602.40      12.8
602.50      12.8
602.60      12.8
602.70      12.6
602.80      12.6
602.90      12.6
603.00      12.6
603.10      12.6
603.20      12.4
603.30      12.4
603.40      12.4
603.50      12.4
603.60      12.2
603.70      12.2
603.80      12.2
603.90      12.2
604.00      12.2
604.10      12.2
604.20      12.0
604.30      12.0
604.40      12.0
604.50      12.0
604.60      11.8
604.70      11.8
604.80      11.8
604.90      11.8
605.00      11.8
605.10      11.6
605.20      11.6
605.30      11.6
605.40      11.5
605.50      11.5
605.60      11.5
605.70      11.4
605.80      11.4
605.90      11.4
606.00      11.3
606.10      11.3
606.20      11.3
606.30      11.2
606.40      11.1
606.50      11.1
606.60      11.1
606.70      11.1
606.80      11.1
606.90      10.9
607.00      10.9
607.10      10.9
607.20      10.9
607.30      10.9
607.40      10.7
607.50      10.7
607.60      10.7
607.70      10.7
607.80      10.5
607.90      10.7
608.00      10.5
608.10      10.5
608.20      10.5
608.30      10.5
608.40      10.3
608.50      10.3
608.60      10.3
608.70      10.3
608.80      10.1
608.90      10.3
609.00      10.1
609.10      10.1
609.20      10.1
609.30      10.1
609.40      9.9
609.50      9.9
609.60      9.9
609.70      9.9
609.80      9.9
609.90      9.9
610.00      9.8
610.10      9.8
610.20      9.8
610.30      9.7
610.40      9.7
610.50      9.6
610.60      9.6
610.70      9.6
610.80      9.6
610.90      9.6
611.00      9.4
611.10      9.4
611.20      9.4
611.30      9.4
611.40      9.4
611.50      9.4
611.60      9.2
611.70      9.2
611.80      9.2
611.90      9.2
612.00      9.2
612.10      9.2
612.20      9.0
612.30      9.0
612.40      9.0
612.50      9.0
612.60      9.0
612.70      9.0
612.80      8.8
612.90      8.8
613.00      8.8
613.10      8.8
613.20      8.7
613.30      8.8
613.40      8.7
613.50      8.7
613.60      8.7
613.70      8.7
613.80      8.7
613.90      8.6
614.00      8.5
614.10      8.5
614.20      8.5
614.30      8.5
614.40      8.5
614.50      8.5
614.60      8.5
614.70      8.5
614.80      8.3
614.90      8.3
615.00      8.3
615.10      8.3
615.20      8.3
615.30      8.3
615.40      8.3
615.50      8.1
615.60      8.1
615.70      8.1
615.80      8.1
615.90      8.1
616.00      8.1
616.10      8.1
616.20      7.9
616.30      7.9
616.40      7.9
616.50      7.9
616.60      7.9
616.70      7.9
616.80      7.9
616.90      7.8
617.00      7.8
617.10      7.8
617.20      7.8
617.30      7.8
617.40      7.8
617.50      7.7
617.60      7.6
617.70      7.6
617.80      7.6
617.90      7.6
618.00      7.6
618.10      7.6
618.20      7.6
618.30      7.6
618.40      7.4
618.50      7.4
618.60      7.4
618.70      7.4
618.80      7.4
618.90      7.4
619.00      7.4
619.10      7.4
619.20      7.2
619.30      7.2
619.40      7.2
619.50      7.2
619.60      7.2
619.70      7.2
619.80      7.2
619.90      7.2
620.00      7.0
620.10      7.0
620.20      7.0
620.30      7.0
620.40      7.0
620.50      7.0
620.60      7.0
620.70      7.0
620.80      6.9
620.90      6.9
621.00      6.9
621.10      6.9
621.20      6.9
621.30      6.9
621.40      6.7
621.50      6.7
621.60      6.7
621.70      6.7
621.80      6.7
621.90      6.7
622.00      6.7
622.10      6.7
622.20      6.5
622.30      6.5
622.40      6.5
622.50      6.5
622.60      6.5
622.70      6.5
622.80      6.5
622.90      6.5
623.00      6.3
623.10      6.4
623.20      6.4
623.30      6.3
623.40      6.3
623.50      6.3
623.60      6.3
623.70      6.3
623.80      6.2
623.90      6.2
624.00      6.2
624.10      6.2
624.20      6.2
624.30      6.2
624.40      6.2
624.50      6.2
624.60      6.0
624.70      6.0
624.80      6.0
624.90      6.0
625.00      6.0
625.10      6.0
625.20      6.0
625.30      6.0
625.40      6.0
625.50      5.8
625.60      5.8
625.70      5.8
625.80      5.8
625.90      5.8
626.00      5.8
626.10      5.8
626.20      5.8
626.30      5.8
626.40      5.7
626.50      5.7
626.60      5.7
626.70      5.6
626.80      5.6
626.90      5.6
627.00      5.6
627.10      5.6
627.20      5.6
627.30      5.6
627.40      5.5
627.50      5.5
627.60      5.5
627.70      5.5
627.80      5.5
627.90      5.5
628.00      5.5
628.10      5.5
628.20      5.5
628.30      5.5
628.40      5.3
628.50      5.5
628.60      5.3
628.70      5.3
628.80      5.3
628.90      5.3
629.00      5.3
629.10      5.3
629.20      5.3
629.30      5.3
629.40      5.3
629.50      5.3
629.60      5.3
629.70      5.3
629.80      5.1
629.90      5.1
630.00      5.1
630.10      5.1
630.20      5.1
630.30      5.1
630.40      5.1
630.50      5.1
630.60      5.1
630.70      5.1
630.80      5.1
630.90      5.1
631.00      5.0
631.10      5.0
631.20      5.0
631.30      5.0
631.40      5.0
631.50      5.0
631.60      5.0
631.70      5.0
631.80      5.0
631.90      5.0
632.00      5.0
632.10      5.0
632.20      4.8
632.30      5.0
632.40      4.8
632.50      4.8
632.60      4.8
632.70      4.8
632.80      4.8
632.90      4.8
633.00      4.8
633.10      4.8
633.20      4.8
633.30      4.8
633.40      4.8
633.50      4.8
633.60      4.8
633.70      4.8
633.80      4.6
633.90      4.8
634.00      4.6
634.10      4.6
634.20      4.6
634.30      4.6
634.40      4.6
634.50      4.6
634.60      4.6
634.70      4.6
634.80      4.6
634.90      4.6
635.00      4.6
635.10      4.6
635.20      4.6
635.30      4.6
635.40      4.6
635.50      4.6
635.60      4.5
635.70      4.6
635.80      4.5
635.90      4.5
636.00      4.5
636.10      4.5
636.20      4.5
636.30      4.4
636.40      4.5
636.50      4.4
636.60      4.5
636.70      4.4
636.80      4.4
636.90      4.4
637.00      4.4
637.10      4.4
637.20      4.4
637.30      4.4
637.40      4.4
637.50      4.4
637.60      4.3
637.70      4.3
637.80      4.3
637.90      4.3
638.00      4.3
638.10      4.3
638.20      4.3
638.30      4.3
638.40      4.3
638.50      4.3
638.60      4.3
638.70      4.3
638.80      4.3
638.90      4.3
639.00      4.3
639.10      4.3
639.20      4.3
639.30      4.3
639.40      4.3
639.50      4.3
639.60      4.3
639.70      4.3
639.80      4.3
639.90      4.3
640.00      4.1
640.10      4.1
640.20      4.1
640.30      4.1
640.40      4.1
640.50      4.1
640.60      4.1
640.70      4.1
640.80      4.1
640.90      4.1
641.00      4.1
641.10      4.1
641.20      4.1
641.30      4.1
641.40      4.1
641.50      4.1
641.60      4.1
641.70      4.1
641.80      4.1
641.90      4.1
642.00      4.1
642.10      4.1
642.20      4.1
642.30      3.9
642.40      3.9
642.50      3.9
642.60      3.9
642.70      3.9
642.80      3.9
642.90      3.9
643.00      3.9
643.10      3.9
643.20      3.9
643.30      3.9
643.40      3.9
643.50      3.9
643.60      3.9
643.70      3.9
643.80      3.9
643.90      3.9
644.00      3.9
644.10      3.9
644.20      3.9
644.30      3.9
644.40      3.9
644.50      3.9
644.60      3.8
644.70      3.8
644.80      3.8
644.90      3.8
645.00      3.8
645.10      3.8
645.20      3.8
645.30      3.8
645.40      3.8
645.50      3.8
645.60      3.8
645.70      3.8
645.80      3.8
645.90      3.8
646.00      3.8
646.10      3.8
646.20      3.6
646.30      3.8
646.40      3.6
646.50      3.8
646.60      3.6
646.70      3.6
646.80      3.6
646.90      3.6
647.00      3.6
647.10      3.6
647.20      3.6
647.30      3.6
647.40      3.6
647.50      3.6
647.60      3.6
647.70      3.6
647.80      3.6
647.90      3.6
648.00      3.6
648.10      3.6
648.20      3.6
648.30      3.6
648.40      3.6
648.50      3.6
648.60      3.6
648.70      3.6
648.80      3.4
648.90      3.4
649.00      3.4
649.10      3.4
649.20      3.4
649.30      3.4
649.40      3.4
649.50      3.4
649.60      3.4
649.70      3.4
649.80      3.4
649.90      3.4
650.00      3.4
650.10      3.4
650.20      3.4
650.30      3.4
650.40      3.4
650.50      3.4
650.60      3.4
650.70      3.4
650.80      3.3
650.90      3.4
651.00      3.3
651.10      3.3
651.20      3.3
651.30      3.3
651.40      3.3
651.50      3.3
651.60      3.3
651.70      3.3
651.80      3.3
651.90      3.3
652.00      3.3
652.10      3.3
652.20      3.3
652.30      3.3
652.40      3.3
652.50      3.3
652.60      3.3
652.70      3.3
652.80      3.3
652.90      3.3
653.00      3.1
653.10      3.3
653.20      3.1
653.30      3.3
653.40      3.1
653.50      3.1
653.60      3.1
653.70      3.1
653.80      3.1
653.90      3.1
654.00      3.1
654.10      3.1
654.20      3.1
654.30      3.1
654.40      3.1
654.50      3.1
654.60      3.1
654.70      3.1
654.80      3.1
654.90      3.1
655.00      3.1
655.10      3.1
655.20      3.1
655.30      3.1
655.40      3.1
655.50      3.1
655.60      3.1
655.70      3.1
655.80      3.0
655.90      3.1
656.00      3.0
656.10      3.1
656.20      3.0
656.30      3.0
656.40      3.0
656.50      3.0
656.60      3.0
656.70      3.0
656.80      3.0
656.90      3.0
657.00      3.0
657.10      3.0
657.20      3.0
657.30      3.0
657.40      3.0
657.50      3.0
657.60      3.0
657.70      3.0
657.80      3.0
657.90      3.0
658.00      3.0
658.10      3.0
658.20      3.0
658.30      3.0
658.40      3.0
658.50      3.0
658.60      3.0
658.70      3.0
658.80      3.0
658.90      3.0
659.00      3.0
659.10      3.0
659.20      3.0
659.30      3.0
659.40      3.0
659.50      3.0
659.60      3.0
659.70      3.0
659.80      2.8
659.90      3.0
660.00      2.8
660.10      3.0
660.20      2.8
660.30      3.0
660.40      2.8
660.50      3.0
660.60      2.8
660.70      2.8
660.80      2.8
660.90      2.8
661.00      2.8
661.10      2.8
661.20      2.8
661.30      2.8
661.40      2.8
661.50      2.8
661.60      2.8
661.70      2.8
661.80      2.8
661.90      2.8
662.00      2.8
662.10      2.8
662.20      2.8
662.30      2.8
662.40      2.8
662.50      2.8
662.60      2.8
662.70      2.8
662.80      2.8
662.90      2.8
663.00      2.8
663.10      2.8
663.20      2.8
663.30      2.8
663.40      2.8
663.50      2.8
663.60      2.8
663.70      2.8
663.80      2.8
663.90      2.8
664.00      2.8
664.10      2.8
664.20      2.8
664.30      2.8
664.40      2.8
664.50      2.8
664.60      2.8
664.70      2.8
664.80      2.8
664.90      2.8
665.00      2.8
665.10      2.8
665.20      2.8
665.30      2.8
665.40      2.8
665.50      2.8
665.60      2.8
665.70      2.8
665.80      2.8
665.90      2.8
666.00      2.8
666.10      2.8
666.20      2.8
666.30      2.8
666.40      2.8
666.50      2.8
666.60      2.8
666.70      2.8
666.80      2.8
666.90      2.8
667.00      2.8
667.10      2.8
667.20      2.8
667.30      2.8
667.40      2.8
667.50      2.8
667.60      2.8
667.70      2.8
667.80      2.6
667.90      2.8
668.00      2.6
668.10      2.8
668.20      2.8
668.30      2.8
668.40      2.8
668.50      2.8
668.60      2.6
668.70      2.8
668.80      2.8
668.90      2.8
669.00      2.8
669.10      2.8
669.20      2.6
669.30      2.8
669.40      2.6
669.50      2.8
669.60      2.8
669.70      2.8
669.80      2.8
669.90      2.8
670.00      2.6
670.10      2.8
670.20      2.6
670.30      2.8
670.40      2.8
670.50      2.8
670.60      2.8
670.70      2.8
670.80      2.8
670.90      2.8
671.00      2.8
671.10      2.8
671.20      2.8
671.30      2.8
671.40      2.8
671.50      2.8
671.60      2.8
671.70      2.8
671.80      2.8
671.90      2.8
672.00      2.8
672.10      2.8
672.20      2.8
672.30      2.8
672.40      2.8
672.50      2.8
672.60      2.8
672.70      2.8
672.80      2.8
672.90      2.8
673.00      2.8
673.10      2.8
673.20      2.8
673.30      2.8
673.40      2.8
673.50      2.8
673.60      2.8
673.70      2.8
673.80      2.8
673.90      2.8
674.00      2.8
674.10      2.8
674.20      2.8
674.30      2.8
674.40      2.8
674.50      2.8
674.60      2.8
674.70      2.8
674.80      2.8
674.90      2.8
675.00      2.8
675.10      2.8
675.20      2.8
675.30      2.8
675.40      2.8
675.50      2.8
675.60      2.8
675.70      2.8
675.80      2.8
675.90      2.8
676.00      2.8
676.10      2.8
676.20      2.8
676.30      2.8
676.40      2.6
676.50      2.8
676.60      2.6
676.70      2.8
676.80      2.6
676.90      2.8
677.00      2.6
677.10      2.8
677.20      2.6
677.30      2.6
677.40      2.6
677.50      2.6
677.60      2.6
677.70      2.6
677.80      2.6
677.90      2.6
678.00      2.6
678.10      2.6
678.20      2.6
678.30      2.6
678.40      2.6
678.50      2.6
678.60      2.6
678.70      2.6
678.80      2.6
678.90      2.6
679.00      2.6
679.10      2.6
679.20      2.6
679.30      2.6
679.40      2.6
679.50      2.6
679.60      2.5
679.70      2.6
679.80      2.5
679.90      2.6
680.00      2.5
680.10      2.5
680.20      2.5
680.30      2.5
680.40      2.5
680.50      2.5
680.60      2.5
680.70      2.5
680.80      2.5
680.90      2.5
681.00      2.5
681.10      2.5
681.20      2.5
681.30      2.5
681.40      2.5
681.50      2.5
681.60      2.5
681.70      2.5
681.80      2.5
681.90      2.5
682.00      2.5
682.10      2.5
682.20      2.5
682.30      2.5
682.40      2.5
682.50      2.5
682.60      2.5
682.70      2.5
682.80      2.3
682.90      2.3
683.00      2.3
683.10      2.5
683.20      2.3
683.30      2.3
683.40      2.3
683.50      2.3
683.60      2.3
683.70      2.3
683.80      2.3
683.90      2.3
684.00      2.3
684.10      2.3
684.20      2.3
684.30      2.3
684.40      2.3
684.50      2.3
684.60      2.3
684.70      2.3
684.80      2.3
684.90      2.3
685.00      2.3
685.10      2.3
685.20      2.3
685.30      2.3
685.40      2.4
685.50      2.4
685.60      2.4
685.70      2.4
685.80      2.4
685.90      2.4
686.00      2.4
686.10      2.4
686.20      2.4
686.30      2.4
686.40      2.4
686.50      2.4
686.60      2.4
686.70      2.4
686.80      2.4
686.90      2.4
687.00      2.4
687.10      2.4
687.20      2.4
687.30      2.4
687.40      2.2
687.50      2.4
687.60      2.2
687.70      2.4
687.80      2.2
687.90      2.4
688.00      2.4
688.10      2.4
688.20      2.2
688.30      2.2
688.40      2.2
688.50      2.4
688.60      2.2
688.70      2.4
688.80      2.2
688.90      2.4
689.00      2.2
689.10      2.2
689.20      2.2
689.30      2.2
689.40      2.2
689.50      2.2
689.60      2.2
689.70      2.2
689.80      2.2
689.90      2.2
690.00      2.2
690.10      2.2
690.20      2.2
690.30      2.2
690.40      2.2
690.50      2.2
690.60      2.2
690.70      2.2
690.80      2.2
690.90      2.2
691.00      2.2
691.10      2.2
691.20      2.2
691.30      2.2
691.40      2.2
691.50      2.2
691.60      2.3
691.70      2.3
691.80      2.3
691.90      2.3
692.00      2.3
692.10      2.3
692.20      2.3
692.30      2.3
692.40      2.3
692.50      2.3
692.60      2.3
692.70      2.3
692.80      2.3
692.90      2.3
693.00      2.3
693.10      2.3
693.20      2.3
693.30      2.3
693.40      2.3
693.50      2.3
693.60      2.3
693.70      2.3
693.80      2.2
693.90      2.2
694.00      2.2
694.10      2.2
694.20      2.2
694.30      2.2
694.40      2.2
694.50      2.2
694.60      2.2
694.70      2.2
694.80      2.2
694.90      2.2
695.00      2.2
695.10      2.2
695.20      2.2
695.30      2.3
695.40      2.2
695.50      2.3
695.60      2.2
695.70      2.2
695.80      2.2
695.90      2.3
696.00      2.1
696.10      2.3
696.20      2.1
696.30      2.3
696.40      2.3
696.50      2.3
696.60      2.3
696.70      2.3
696.80      2.3
696.90      2.2
697.00      2.2
697.10      2.2
697.20      2.2
697.30      2.2
697.40      2.2
697.50      2.2
697.60      2.2
697.70      2.2
697.80      2.2
697.90      2.2
698.00      2.2
698.10      2.2
698.20      2.2
698.30      2.2
698.40      2.2
698.50      2.2
698.60      2.2
698.70      2.1
698.80      2.1
698.90      2.1
699.00      2.1
699.10      2.1
699.20      2.1
699.30      2.1
699.40      2.1
699.50      2.1
699.60      2.1
699.70      2.1
699.80      2.1
699.90      2.2
700.00      2.2
