400.00      21.4
400.10      21.4
400.20      21.4
400.30      21.4
400.40      21.4
400.50      21.4
400.60      21.4
400.70      21.4
400.80      21.4
400.90      20.7
401.00      21.4
401.10      20.7
401.20      20.7
401.30      20.7
401.40      20.7
401.50      20.7
401.60      20.7
401.70      20.7
401.80      20.7
401.90      20.7
402.00      20.7
402.10      20.0
402.20      20.0
402.30      20.0
402.40      20.0
402.50      20.0
402.60      20.0
402.70      20.0
402.80      20.0
402.90      20.0
403.00      20.0
403.10      19.4
403.20      19.4
403.30      19.4
403.40      19.4
403.50      19.4
403.60      19.4
403.70      19.4
403.80      19.4
403.90      19.4
404.00      19.4
404.10      19.4
404.20      19.4
404.30      18.8
404.40      19.4
404.50      18.8
404.60      18.8
404.70      18.8
404.80      18.8
404.90      18.8
405.00      18.8
405.10      18.8
405.20      18.8
405.30      18.8
405.40      18.8
405.50      18.2
405.60      18.8
405.70      18.2
405.80      18.2
405.90      18.2
406.00      18.2
406.10      18.2
406.20      18.2
406.30      18.2
406.40      18.2
406.50      18.2
406.60      18.2
406.70      18.2
406.80      18.2
406.90      17.6
407.00      17.6
407.10      17.6
407.20      17.6
407.30      17.6
407.40      17.6
407.50      17.6
407.60      17.6
407.70      17.6
407.80      17.6
407.90      17.1
408.00      17.6
408.10      17.1
408.20      17.6
408.30      17.1
408.40      17.1
408.50      17.1
408.60      17.1
408.70      17.1
408.80      17.1
408.90      17.1
409.00      17.1
409.10      17.1
409.20      17.1
409.30      16.7
409.40      16.7
409.50      16.7
409.60      16.7
409.70      16.7
409.80      16.7
409.90      16.7
410.00      16.7
410.10      16.7
410.20      16.7
410.30      16.2
410.40      16.7
410.50      16.2
410.60      16.2
410.70      16.2
410.80      16.2
410.90      16.2
411.00      16.2
411.10      16.2
411.20      16.2
411.30      16.2
411.40      16.2
411.50      15.8
411.60      15.8
411.70      15.8
411.80      15.8
411.90      15.8
412.00      15.8
412.10      15.8
412.20      15.8
412.30      15.8
412.40      15.8
412.50      15.4
412.60      15.4
412.70      15.4
412.80      15.4
412.90      15.4
413.00      15.4
413.10      15.4
413.20      15.4
413.30      15.0
413.40      15.0
413.50      15.0
413.60      15.0
413.70      15.0
413.80      15.0
413.90      15.0
414.00      15.0
414.10      14.6
414.20      14.6
414.30      14.6
414.40      14.6
414.50      14.6
414.60      14.6
414.70      14.6
414.80      14.6
414.90      14.3
415.00      14.3
415.10      14.3
415.20      14.3
415.30      14.3
415.40      14.3
415.50      14.3
415.60      14.3
415.70      14.0
415.80      14.3
415.90      14.0
416.00      14.0
416.10      14.0
416.20      14.0
416.30      14.0
416.40      14.0
416.50      13.6
416.60      13.6
416.70      13.6
416.80      13.6
416.90      13.6
417.00      13.6
417.10      13.6
417.20      13.6
417.30      13.3
417.40      13.3
417.50      13.3
417.60      13.3
417.70      13.3
417.80      13.3
417.90      13.3
418.00      13.3
418.10      13.0
418.20      13.0
418.30      13.0
418.40      13.0
418.50      13.0
418.60      13.0
418.70      13.0
418.80      13.0
418.90      12.8
419.00      12.8
419.10      12.8
419.20      12.8
419.30      12.8
419.40      12.8
419.50      12.5
419.60      12.8
419.70      12.5
419.80      12.5
419.90      12.5
420.00      12.5
420.10      12.5
420.20      12.5
420.30      12.2
420.40      12.2
420.50      12.2
420.60      12.2
420.70      12.2
420.80      12.2
420.90      12.2
421.00      12.2
421.10      12.2
421.20      12.2
421.30      12.0
421.40      12.0
421.50      12.0
421.60      12.0
421.70      12.0
421.80      12.0
421.90      11.8
422.00      11.8
422.10      11.8
422.20      11.8
422.30      11.8
422.40      11.8
422.50      11.8
422.60      11.8
422.70      11.8
422.80      11.5
422.90      11.5
423.00      11.5
423.10      11.5
423.20      11.5
423.30      11.5
423.40      11.5
423.50      11.3
423.60      11.3
423.70      11.3
423.80      11.3
423.90      11.3
424.00      11.3
424.10      11.3
424.20      11.3
424.30      11.1
424.40      11.1
424.50      11.1
424.60      11.1
424.70      11.1
424.80      11.1
424.90      10.9
425.00      11.1
425.10      10.9
425.20      10.9
425.30      10.9
425.40      10.9
425.50      10.9
425.60      10.9
425.70      10.7
425.80      10.7
425.90      10.7
426.00      10.7
426.10      10.7
426.20      10.7
426.30      10.7
426.40      10.7
426.50      10.5
426.60      10.5
426.70      10.5
426.80      10.5
426.90      10.5
427.00      10.5
427.10      10.3
427.20      10.3
427.30      10.3
427.40      10.3
427.50      10.3
427.60      10.3
427.70      10.2
427.80      10.2
427.90      10.2
428.00      10.2
428.10      10.2
428.20      10.2
428.30      10.0
428.40      10.0
428.50      10.0
428.60      10.0
428.70      10.0
428.80      10.0
428.90      9.8
429.00      9.8
429.10      9.8
429.20      9.8
429.30      9.8
429.40      9.8
429.50      9.7
429.60      9.7
429.70      9.7
429.80      9.7
429.90      9.5
430.00      9.5
430.10      9.5
430.20      9.5
430.30      9.5
430.40      9.5
430.50      9.4
430.60      9.4
430.70      9.4
430.80      9.4
430.90      9.2
431.00      9.2
431.10      9.2
431.20      9.2
431.30      9.2
431.40      9.2
431.50      9.1
431.60      9.1
431.70      9.1
431.80      9.1
431.90      9.0
432.00      9.0
432.10      9.0
432.20      9.0
432.30      8.8
432.40      8.8
432.50      8.8
432.60      8.8
432.70      8.8
432.80      8.8
432.90      8.7
433.00      8.7
433.10      8.7
433.20      8.7
433.30      8.6
433.40      8.6
433.50      8.6
433.60      8.6
433.70      8.5
433.80      8.5
433.90      8.5
434.00      8.5
434.10      8.3
434.20      8.3
434.30      8.3
434.40      8.3
434.50      8.3
434.60      8.2
434.70      8.2
434.80      8.2
434.90      8.1
435.00      8.1
435.10      8.1
435.20      8.1
435.30      8.0
435.40      8.0
435.50      8.0
435.60      8.0
435.70      7.9
435.80      7.9
435.90      7.9
436.00      7.9
436.10      7.8
436.20      7.8
436.30      7.8
436.40      7.8
436.50      7.8
436.60      7.7
436.70      7.7
436.80      7.7
436.90      7.7
437.00      7.6
437.10      7.6
437.20      7.6
437.30      7.6
437.40      7.6
437.50      7.5
437.60      7.5
437.70      7.5
437.80      7.5
437.90      7.4
438.00      7.4
438.10      7.4
438.20      7.4
438.30      7.3
438.40      7.3
438.50      7.3
438.60      7.3
438.70      7.2
438.80      7.2
438.90      7.2
439.00      7.2
439.10      7.1
439.20      7.1
439.30      7.1
439.40      7.1
439.50      7.1
439.60      7.1
439.70      7.1
439.80      7.1
439.90      7.0
440.00      7.0
440.10      7.0
440.20      6.9
440.30      6.9
440.40      6.9
440.50      6.9
440.60      6.9
440.70      6.8
440.80      6.8
440.90      6.7
441.00      6.7
441.10      6.7
441.20      6.7
441.30      6.7
441.40      6.7
441.50      6.7
441.60      6.7
441.70      6.7
441.80      6.7
441.90      6.6
442.00      6.6
442.10      6.6
442.20      6.6
442.30      6.5
442.40      6.5
442.50      6.5
442.60      6.5
442.70      6.5
442.80      6.5
442.90      6.5
443.00      6.5
443.10      6.4
443.20      6.4
443.30      6.4
443.40      6.4
443.50      6.3
443.60      6.3
443.70      6.3
443.80      6.3
443.90      6.3
444.00      6.3
444.10      6.2
444.20      6.2
444.30      6.2
444.40      6.2
444.50      6.1
444.60      6.1
444.70      6.1
444.80      6.1
444.90      6.1
445.00      6.1
445.10      6.0
445.20      6.0
445.30      6.0
445.40      6.0
445.50      5.9
445.60      5.9
445.70      5.9
445.80      5.9
445.90      5.9
446.00      5.9
446.10      5.8
446.20      5.8
446.30      5.8
446.40      5.8
446.50      5.8
446.60      5.8
446.70      5.7
446.80      5.7
446.90      5.7
447.00      5.7
447.10      5.7
447.20      5.7
447.30      5.6
447.40      5.6
447.50      5.6
447.60      5.6
447.70      5.6
447.80      5.5
447.90      5.5
448.00      5.5
448.10      5.5
448.20      5.5
448.30      5.4
448.40      5.4
448.50      5.4
448.60      5.4
448.70      5.4
448.80      5.4
448.90      5.3
449.00      5.3
449.10      5.3
449.20      5.3
449.30      5.3
449.40      5.3
449.50      5.2
449.60      5.2
449.70      5.2
449.80      5.2
449.90      5.2
450.00      5.2
450.10      5.1
450.20      5.1
450.30      5.1
450.40      5.1
450.50      5.1
450.60      5.1
450.70      5.0
450.80      5.0
450.90      5.0
451.00      5.0
451.10      5.0
451.20      5.0
451.30      5.0
451.40      5.0
451.50      5.0
451.60      4.9
451.70      4.9
451.80      4.9
451.90      4.9
452.00      4.9
452.10      4.8
452.20      4.8
452.30      4.8
452.40      4.8
452.50      4.8
452.60      4.8
452.70      4.8
452.80      4.8
452.90      4.8
453.00      4.7
453.10      4.7
453.20      4.7
453.30      4.7
453.40      4.7
453.50      4.7
453.60      4.7
453.70      4.7
453.80      4.7
453.90      4.6
454.00      4.6
454.10      4.6
454.20      4.6
454.30      4.6
454.40      4.6
454.50      4.6
454.60      4.5
454.70      4.5
454.80      4.5
454.90      4.5
455.00      4.5
455.10      4.5
455.20      4.5
455.30      4.5
455.40      4.5
455.50      4.4
455.60      4.4
455.70      4.4
455.80      4.4
455.90      4.4
456.00      4.4
456.10      4.4
456.20      4.4
456.30      4.4
456.40      4.4
456.50      4.4
456.60      4.3
456.70      4.3
456.80      4.3
456.90      4.3
457.00      4.3
457.10      4.3
457.20      4.3
457.30      4.3
457.40      4.3
457.50      4.3
457.60      4.3
457.70      4.3
457.80      4.3
457.90      4.2
458.00      4.2
458.10      4.2
458.20      4.2
458.30      4.2
458.40      4.2
458.50      4.2
458.60      4.2
458.70      4.2
458.80      4.2
458.90      4.1
459.00      4.1
459.10      4.1
459.20      4.1
459.30      4.1
459.40      4.1
459.50      4.1
459.60      4.1
459.70      4.1
459.80      4.1
459.90      4.1
460.00      4.1
460.10      4.0
460.20      4.0
460.30      4.0
460.40      4.0
460.50      4.0
460.60      4.0
460.70      4.0
460.80      4.0
460.90      4.0
461.00      4.0
461.10      3.9
461.20      3.9
461.30      3.9
461.40      3.9
461.50      3.9
461.60      3.9
461.70      3.9
461.80      3.9
461.90      3.9
462.00      3.9
462.10      3.9
462.20      3.9
462.30      3.8
462.40      3.8
462.50      3.8
462.60      3.8
462.70      3.8
462.80      3.8
462.90      3.8
463.00      3.8
463.10      3.8
463.20      3.8
463.30      3.8
463.40      3.8
463.50      3.8
463.60      3.8
463.70      3.8
463.80      3.7
463.90      3.7
464.00      3.7
464.10      3.7
464.20      3.7
464.30      3.7
464.40      3.7
464.50      3.7
464.60      3.7
464.70      3.7
464.80      3.7
464.90      3.7
465.00      3.6
465.10      3.6
465.20      3.6
465.30      3.6
465.40      3.6
465.50      3.6
465.60      3.6
465.70      3.6
465.80      3.6
465.90      3.6
466.00      3.6
466.10      3.6
466.20      3.6
466.30      3.6
466.40      3.6
466.50      3.6
466.60      3.5
466.70      3.5
466.80      3.5
466.90      3.5
467.00      3.5
467.10      3.5
467.20      3.5
467.30      3.5
467.40      3.5
467.50      3.5
467.60      3.5
467.70      3.5
467.80      3.5
467.90      3.5
468.00      3.4
468.10      3.4
468.20      3.4
468.30      3.4
468.40      3.4
468.50      3.4
468.60      3.4
468.70      3.4
468.80      3.4
468.90      3.4
469.00      3.4
469.10      3.4
469.20      3.4
469.30      3.4
469.40      3.4
469.50      3.4
469.60      3.4
469.70      3.4
469.80      3.4
469.90      3.4
470.00      3.4
470.10      3.3
470.20      3.3
470.30      3.3
470.40      3.3
470.50      3.3
470.60      3.3
470.70      3.3
470.80      3.3
470.90      3.3
471.00      3.3
471.10      3.3
471.20      3.3
471.30      3.3
471.40      3.3
471.50      3.3
471.60      3.3
471.70      3.3
471.80      3.3
471.90      3.3
472.00      3.2
472.10      3.2
472.20      3.2
472.30      3.2
472.40      3.2
472.50      3.2
472.60      3.2
472.70      3.2
472.80      3.2
472.90      3.2
473.00      3.2
473.10      3.2
473.20      3.2
473.30      3.2
473.40      3.2
473.50      3.2
473.60      3.2
473.70      3.2
473.80      3.2
473.90      3.2
474.00      3.2
474.10      3.2
474.20      3.2
474.30      3.1
474.40      3.1
474.50      3.1
474.60      3.1
474.70      3.1
474.80      3.1
474.90      3.1
475.00      3.1
475.10      3.1
475.20      3.1
475.30      3.1
475.40      3.1
475.50      3.1
475.60      3.1
475.70      3.1
475.80      3.1
475.90      3.1
476.00      3.1
476.10      3.1
476.20      3.1
476.30      3.1
476.40      3.1
476.50      3.1
476.60      3.0
476.70      3.0
476.80      3.0
476.90      3.0
477.00      3.0
477.10      3.0
477.20      3.0
477.30      3.0
477.40      3.0
477.50      3.0
477.60      3.0
477.70      3.0
477.80      3.0
477.90      3.0
478.00      3.0
478.10      3.0
478.20      3.0
478.30      3.0
478.40      3.0
478.50      3.0
478.60      3.0
478.70      3.0
478.80      3.0
478.90      3.0
479.00      3.0
479.10      2.9
479.20      2.9
479.30      2.9
479.40      2.9
479.50      2.9
479.60      2.9
479.70      2.9
479.80      2.9
479.90      2.9
480.00      2.9
480.10      2.9
480.20      2.9
480.30      2.9
480.40      2.9
480.50      2.9
480.60      2.9
480.70      2.9
480.80      2.9
480.90      2.9
481.00      2.9
481.10      2.9
481.20      2.9
481.30      2.9
481.40      2.9
481.50      2.8
481.60      2.8
481.70      2.8
481.80      2.8
481.90      2.8
482.00      2.8
482.10      2.8
482.20      2.8
482.30      2.8
482.40      2.8
482.50      2.8
482.60      2.8
482.70      2.8
482.80      2.8
482.90      2.8
483.00      2.8
483.10      2.8
483.20      2.8
483.30      2.8
483.40      2.8
483.50      2.8
483.60      2.8
483.70      2.8
483.80      2.8
483.90      2.8
484.00      2.8
484.10      2.8
484.20      2.8
484.30      2.7
484.40      2.7
484.50      2.7
484.60      2.7
484.70      2.7
484.80      2.7
484.90      2.7
485.00      2.7
485.10      2.7
485.20      2.7
485.30      2.7
485.40      2.7
485.50      2.7
485.60      2.7
485.70      2.7
485.80      2.7
485.90      2.7
486.00      2.7
486.10      2.7
486.20      2.7
486.30      2.7
486.40      2.7
486.50      2.7
486.60      2.7
486.70      2.7
486.80      2.7
486.90      2.7
487.00      2.7
487.10      2.6
487.20      2.7
487.30      2.6
487.40      2.6
487.50      2.6
487.60      2.6
487.70      2.6
487.80      2.6
487.90      2.6
488.00      2.6
488.10      2.6
488.20      2.6
488.30      2.6
488.40      2.6
488.50      2.6
488.60      2.6
488.70      2.6
488.80      2.6
488.90      2.6
489.00      2.6
489.10      2.6
489.20      2.6
489.30      2.6
489.40      2.6
489.50      2.6
489.60      2.6
489.70      2.6
489.80      2.6
489.90      2.6
490.00      2.6
490.10      2.6
490.20      2.6
490.30      2.6
490.40      2.6
490.50      2.6
490.60      2.6
490.70      2.6
490.80      2.6
490.90      2.5
491.00      2.5
491.10      2.5
491.20      2.5
491.30      2.5
491.40      2.5
491.50      2.5
491.60      2.5
491.70      2.5
491.80      2.5
491.90      2.5
492.00      2.5
492.10      2.5
492.20      2.5
492.30      2.5
492.40      2.5
492.50      2.5
492.60      2.5
492.70      2.5
492.80      2.5
492.90      2.5
493.00      2.5
493.10      2.5
493.20      2.5
493.30      2.5
493.40      2.5
493.50      2.5
493.60      2.5
493.70      2.5
493.80      2.4
493.90      2.4
494.00      2.4
494.10      2.4
494.20      2.4
494.30      2.4
494.40      2.4
494.50      2.4
494.60      2.4
494.70      2.4
494.80      2.4
494.90      2.4
495.00      2.4
495.10      2.4
495.20      2.4
495.30      2.4
495.40      2.4
495.50      2.4
495.60      2.4
495.70      2.4
495.80      2.4
495.90      2.4
496.00      2.4
496.10      2.4
496.20      2.4
496.30      2.4
496.40      2.4
496.50      2.4
496.60      2.4
496.70      2.4
496.80      2.4
496.90      2.4
497.00      2.4
497.10      2.4
497.20      2.3
497.30      2.3
497.40      2.3
497.50      2.3
497.60      2.3
497.70      2.3
497.80      2.3
497.90      2.3
498.00      2.3
498.10      2.3
498.20      2.3
498.30      2.3
498.40      2.3
498.50      2.3
498.60      2.3
498.70      2.3
498.80      2.3
498.90      2.3
499.00      2.3
499.10      2.3
499.20      2.3
499.30      2.3
499.40      2.3
499.50      2.3
499.60      2.3
499.70      2.3
499.80      2.3
499.90      2.3
500.00      2.3
500.10      2.3
500.20      2.3
500.30      2.3
500.40      2.3
500.50      2.3
500.60      2.3
500.70      2.2
500.80      2.2
500.90      2.2
501.00      2.2
501.10      2.2
501.20      2.2
501.30      2.2
501.40      2.2
501.50      2.2
501.60      2.2
501.70      2.2
501.80      2.2
501.90      2.2
502.00      2.2
502.10      2.2
502.20      2.2
502.30      2.2
502.40      2.2
502.50      2.2
502.60      2.2
502.70      2.2
502.80      2.2
502.90      2.2
503.00      2.2
503.10      2.2
503.20      2.2
503.30      2.2
503.40      2.2
503.50      2.2
503.60      2.2
503.70      2.2
503.80      2.2
503.90      2.2
504.00      2.2
504.10      2.2
504.20      2.2
504.30      2.2
504.40      2.2
504.50      2.2
504.60      2.2
504.70      2.2
504.80      2.2
504.90      2.2
505.00      2.2
505.10      2.1
505.20      2.1
505.30      2.1
505.40      2.1
505.50      2.1
505.60      2.1
505.70      2.1
505.80      2.1
505.90      2.1
506.00      2.1
506.10      2.1
506.20      2.1
506.30      2.1
506.40      2.1
506.50      2.1
506.60      2.1
506.70      2.1
506.80      2.1
506.90      2.1
507.00      2.1
507.10      2.1
507.20      2.1
507.30      2.1
507.40      2.1
507.50      2.1
507.60      2.1
507.70      2.1
507.80      2.1
507.90      2.1
508.00      2.1
508.10      2.1
508.20      2.1
508.30      2.1
508.40      2.1
508.50      2.1
508.60      2.1
508.70      2.1
508.80      2.1
508.90      2.1
509.00      2.1
509.10      2.1
509.20      2.1
509.30      2.0
509.40      2.0
509.50      2.0
509.60      2.0
509.70      2.0
509.80      2.0
509.90      2.0
510.00      2.0
510.10      2.0
510.20      2.0
510.30      2.0
510.40      2.0
510.50      2.0
510.60      2.0
510.70      2.0
510.80      2.0
510.90      2.0
511.00      2.0
511.10      2.0
511.20      2.0
511.30      2.0
511.40      2.0
511.50      2.0
511.60      2.0
511.70      2.0
511.80      2.0
511.90      2.0
512.00      2.0
512.10      2.0
512.20      2.0
512.30      2.0
512.40      2.0
512.50      2.0
512.60      2.0
512.70      2.0
512.80      2.0
512.90      2.0
513.00      2.0
513.10      2.0
513.20      2.0
513.30      2.0
513.40      1.9
513.50      1.9
513.60      1.9
513.70      1.9
513.80      1.9
513.90      1.9
514.00      1.9
514.10      1.9
514.20      1.9
514.30      1.9
514.40      1.9
514.50      1.9
514.60      1.9
514.70      1.9
514.80      1.9
514.90      1.9
515.00      1.9
515.10      1.9
515.20      1.9
515.30      1.9
515.40      1.9
515.50      1.9
515.60      1.9
515.70      1.9
515.80      1.9
515.90      1.9
516.00      1.9
516.10      1.9
516.20      1.9
516.30      1.9
516.40      1.9
516.50      1.9
516.60      1.9
516.70      1.9
516.80      1.9
516.90      1.9
517.00      1.9
517.10      1.9
517.20      1.9
517.30      1.9
517.40      1.9
517.50      1.9
517.60      1.9
517.70      1.9
517.80      1.9
517.90      1.9
518.00      1.9
518.10      1.9
518.20      1.9
518.30      1.9
518.40      1.9
518.50      1.8
518.60      1.8
518.70      1.8
518.80      1.8
518.90      1.8
519.00      1.8
519.10      1.8
519.20      1.8
519.30      1.8
519.40      1.8
519.50      1.8
519.60      1.8
519.70      1.8
519.80      1.8
519.90      1.8
520.00      1.8
520.10      1.8
520.20      1.8
520.30      1.8
520.40      1.8
520.50      1.8
520.60      1.8
520.70      1.8
520.80      1.8
520.90      1.8
521.00      1.8
521.10      1.8
521.20      1.8
521.30      1.8
521.40      1.8
521.50      1.8
521.60      1.8
521.70      1.8
521.80      1.8
521.90      1.8
522.00      1.8
522.10      1.8
522.20      1.8
522.30      1.8
522.40      1.8
522.50      1.8
522.60      1.8
522.70      1.8
522.80      1.8
522.90      1.8
523.00      1.8
523.10      1.8
523.20      1.8
523.30      1.8
523.40      1.8
523.50      1.8
523.60      1.8
523.70      1.8
523.80      1.8
523.90      1.8
524.00      1.8
524.10      1.8
524.20      1.7
524.30      1.7
524.40      1.7
524.50      1.7
524.60      1.7
524.70      1.7
524.80      1.7
524.90      1.7
525.00      1.7
525.10      1.7
525.20      1.7
525.30      1.7
525.40      1.7
525.50      1.7
525.60      1.7
525.70      1.7
525.80      1.7
525.90      1.7
526.00      1.7
526.10      2.0
526.20      1.7
526.30      2.0
526.40      1.7
526.50      1.7
526.60      1.7
526.70      2.0
526.80      1.7
526.90      2.0
527.00      1.7
527.10      2.0
527.20      1.7
527.30      2.0
527.40      1.7
527.50      2.0
527.60      1.7
527.70      2.0
527.80      2.0
527.90      2.0
528.00      1.7
528.10      2.0
528.20      1.7
528.30      2.0
528.40      1.7
528.50      2.0
528.60      2.0
528.70      1.9
528.80      1.7
528.90      1.9
529.00      1.7
529.10      1.9
529.20      1.9
529.30      1.9
529.40      1.9
529.50      1.9
529.60      1.7
529.70      1.9
529.80      1.9
529.90      1.9
530.00      1.9
530.10      1.9
530.20      1.9
530.30      1.9
530.40      1.9
530.50      1.9
530.60      1.9
530.70      1.9
530.80      1.9
530.90      1.9
531.00      1.9
531.10      1.9
531.20      1.9
531.30      1.9
531.40      1.9
531.50      1.9
531.60      1.9
531.70      1.9
531.80      1.9
531.90      1.9
532.00      1.9
532.10      1.9
532.20      1.9
532.30      1.9
532.40      1.9
532.50      1.9
532.60      1.9
532.70      1.9
532.80      1.9
532.90      1.9
533.00      1.9
533.10      1.9
533.20      1.9
533.30      1.9
533.40      1.9
533.50      1.9
533.60      1.9
533.70      1.9
533.80      1.9
533.90      1.9
534.00      1.9
534.10      1.9
534.20      1.9
534.30      1.9
534.40      1.9
534.50      1.9
534.60      1.9
534.70      1.8
534.80      1.8
534.90      1.8
535.00      1.8
535.10      1.8
535.20      1.8
535.30      1.8
535.40      1.8
535.50      1.8
535.60      1.8
535.70      1.8
535.80      1.8
535.90      1.8
536.00      1.8
536.10      1.8
536.20      1.8
536.30      1.8
536.40      1.8
536.50      1.8
536.60      1.8
536.70      1.8
536.80      1.8
536.90      1.8
537.00      1.8
537.10      1.8
537.20      1.8
537.30      1.8
537.40      1.8
537.50      1.8
537.60      1.8
537.70      1.8
537.80      1.8
537.90      1.8
538.00      1.8
538.10      1.8
538.20      1.8
538.30      1.8
538.40      1.8
538.50      1.8
538.60      1.8
538.70      1.8
538.80      1.8
538.90      1.8
539.00      1.8
539.10      1.8
539.20      1.8
539.30      1.8
539.40      1.8
539.50      1.8
539.60      1.8
539.70      1.8
539.80      1.8
539.90      1.8
540.00      1.8
540.10      1.8
540.20      1.8
540.30      1.8
540.40      1.8
540.50      1.8
540.60      1.8
540.70      1.8
540.80      1.8
540.90      1.8
541.00      1.8
541.10      1.8
541.20      1.8
541.30      1.8
541.40      1.8
541.50      1.8
541.60      1.7
541.70      1.7
541.80      1.7
541.90      1.7
542.00      1.7
542.10      1.7
542.20      1.7
542.30      1.7
542.40      1.7
542.50      1.7
542.60      1.7
542.70      1.7
542.80      1.7
542.90      1.7
543.00      1.7
543.10      1.7
543.20      1.7
543.30      1.7
543.40      1.7
543.50      2.0
543.60      1.7
543.70      2.0
543.80      1.7
543.90      1.7
544.00      1.7
544.10      2.0
544.20      1.7
544.30      2.0
544.40      1.7
544.50      1.9
544.60      1.7
544.70      1.9
544.80      1.7
544.90      1.9
545.00      1.7
545.10      1.9
545.20      1.7
545.30      1.9
545.40      1.7
545.50      1.9
545.60      1.7
545.70      1.9
545.80      1.7
545.90      1.9
546.00      1.7
546.10      1.9
546.20      1.7
546.30      1.9
546.40      1.7
546.50      1.9
546.60      1.9
546.70      1.9
546.80      1.9
546.90      1.9
547.00      1.7
547.10      1.9
547.20      1.9
547.30      1.9
547.40      1.9
547.50      1.9
547.60      1.9
547.70      1.9
547.80      1.9
547.90      1.9
548.00      1.9
548.10      1.9
548.20      1.9
548.30      1.9
548.40      1.9
548.50      1.9
548.60      1.9
548.70      1.9
548.80      1.9
548.90      1.9
549.00      1.9
549.10      1.9
549.20      1.9
549.30      1.9
549.40      1.9
549.50      1.9
549.60      1.9
549.70      1.9
549.80      1.9
549.90      1.9
550.00      1.9
550.10      1.9
550.20      1.9
550.30      1.9
550.40      1.9
550.50      1.9
550.60      1.9
550.70      1.9
550.80      1.8
550.90      1.8
551.00      1.8
551.10      1.8
551.20      1.8
551.30      1.8
551.40      1.8
551.50      1.8
551.60      1.8
551.70      1.8
551.80      1.8
551.90      1.8
552.00      1.8
552.10      1.8
552.20      1.8
552.30      1.8
552.40      1.8
552.50      1.8
552.60      1.8
552.70      1.8
552.80      1.8
552.90      1.8
553.00      1.8
553.10      1.8
553.20      1.8
553.30      1.8
553.40      1.8
553.50      1.8
553.60      1.8
553.70      1.8
553.80      1.8
553.90      1.8
554.00      1.8
554.10      1.8
554.20      1.8
554.30      1.8
554.40      1.8
554.50      1.8
554.60      1.8
554.70      1.8
554.80      1.8
554.90      1.8
555.00      1.8
555.10      1.8
555.20      1.8
555.30      1.8
555.40      1.8
555.50      1.8
555.60      1.8
555.70      1.8
555.80      1.8
555.90      1.8
556.00      1.8
556.10      1.8
556.20      1.8
556.30      1.8
556.40      1.8
556.50      1.8
556.60      1.8
556.70      1.8
556.80      1.8
556.90      1.8
557.00      1.8
557.10      1.8
557.20      1.8
557.30      1.8
557.40      1.8
557.50      1.8
557.60      1.8
557.70      1.8
557.80      1.8
557.90      1.8
558.00      1.8
558.10      1.8
558.20      1.8
558.30      1.8
558.40      1.8
558.50      1.8
558.60      1.8
558.70      1.7
558.80      1.7
558.90      1.7
559.00      1.7
559.10      1.7
559.20      1.7
559.30      1.7
559.40      1.7
559.50      1.7
559.60      1.7
559.70      1.7
559.80      1.7
559.90      1.9
560.00      1.7
560.10      1.7
560.20      1.7
560.30      1.7
560.40      1.7
560.50      1.7
560.60      1.7
560.70      1.9
560.80      1.7
560.90      1.9
561.00      1.7
561.10      1.7
561.20      1.7
561.30      1.9
561.40      1.7
561.50      1.9
561.60      1.7
561.70      1.9
561.80      1.7
561.90      1.9
562.00      1.7
562.10      1.9
562.20      1.9
562.30      1.9
562.40      1.9
562.50      1.9
562.60      1.9
562.70      1.9
562.80      1.9
562.90      1.9
563.00      1.9
563.10      1.9
563.20      1.9
563.30      1.9
563.40      1.9
563.50      1.9
563.60      1.9
563.70      1.9
563.80      1.9
563.90      1.9
564.00      1.9
564.10      1.9
564.20      1.9
564.30      1.9
564.40      1.9
564.50      1.9
564.60      1.9
564.70      1.9
564.80      1.9
564.90      1.9
565.00      1.9
565.10      1.9
565.20      1.9
565.30      1.9
565.40      1.9
565.50      1.9
565.60      1.9
565.70      1.9
565.80      1.9
565.90      1.9
566.00      1.9
566.10      1.9
566.20      1.9
566.30      1.9
566.40      1.9
566.50      1.9
566.60      1.9
566.70      1.9
566.80      1.9
566.90      1.9
567.00      1.9
567.10      2.1
567.20      1.9
567.30      2.1
567.40      1.9
567.50      2.1
567.60      1.8
567.70      2.1
567.80      2.1
567.90      2.0
568.00      2.0
568.10      2.0
568.20      2.0
568.30      2.0
568.40      2.0
568.50      2.0
568.60      2.0
568.70      2.0
568.80      2.0
568.90      2.0
569.00      2.0
569.10      2.0
569.20      2.0
569.30      2.0
569.40      2.0
569.50      2.0
569.60      2.0
569.70      2.0
569.80      2.0
569.90      2.0
570.00      2.0
570.10      2.0
570.20      2.0
570.30      2.0
570.40      2.0
570.50      2.0
570.60      2.0
570.70      2.0
570.80      2.0
570.90      2.2
571.00      2.0
571.10      2.2
571.20      2.2
571.30      2.2
571.40      2.2
571.50      2.2
571.60      2.2
571.70      2.2
571.80      2.2
571.90      2.2
572.00      2.2
572.10      2.2
572.20      2.2
572.30      2.2
572.40      2.2
572.50      2.2
572.60      2.2
572.70      2.2
572.80      2.2
572.90      2.2
573.00      2.2
573.10      2.2
573.20      2.4
573.30      2.4
573.40      2.4
573.50      2.4
573.60      2.4
573.70      2.4
573.80      2.4
573.90      2.4
574.00      2.4
574.10      2.4
574.20      2.4
574.30      2.4
574.40      2.4
574.50      2.4
574.60      2.4
574.70      2.6
574.80      2.4
574.90      2.6
575.00      2.6
575.10      2.5
575.20      2.5
575.30      2.5
575.40      2.5
575.50      2.5
575.60      2.5
575.70      2.5
575.80      2.5
575.90      2.7
576.00      2.5
576.10      2.7
576.20      2.7
576.30      2.7
576.40      2.7
576.50      2.7
576.60      2.7
576.70      2.7
576.80      2.7
576.90      2.7
577.00      2.7
577.10      2.9
577.20      2.9
577.30      2.9
577.40      2.9
577.50      2.9
577.60      2.9
577.70      2.9
577.80      2.9
577.90      3.1
578.00      3.1
578.10      3.1
578.20      3.1
578.30      3.1
578.40      3.1
578.50      3.1
578.60      3.1
578.70      3.3
578.80      3.3
578.90      3.3
579.00      3.3
579.10      3.3
579.20      3.3
579.30      3.3
579.40      3.3
579.50      3.4
579.60      3.4
579.70      3.4
579.80      3.4
579.90      3.4
580.00      3.4
580.10      3.6
580.20      3.6
580.30      3.6
580.40      3.6
580.50      3.6
580.60      3.6
580.70      3.8
580.80      3.8
580.90      3.8
581.00      3.8
581.10      3.8
581.20      3.8
581.30      4.0
581.40      4.0
581.50      4.0
581.60      4.0
581.70      4.0
581.80      4.0
581.90      4.2
582.00      4.2
582.10      4.2
582.20      4.2
582.30      4.3
582.40      4.3
582.50      4.3
582.60      4.3
582.70      4.5
582.80      4.5
582.90      4.5
583.00      4.5
583.10      4.7
583.20      4.7
583.30      4.7
583.40      4.7
583.50      4.9
583.60      4.9
583.70      4.9
583.80      4.9
583.90      4.9
584.00      5.1
584.10      5.0
584.20      5.0
584.30      5.2
584.40      5.2
584.50      5.2
584.60      5.2
584.70      5.4
584.80      5.4
584.90      5.4
585.00      5.4
585.10      5.6
585.20      5.6
585.30      5.6
585.40      5.8
585.50      5.8
585.60      5.8
585.70      5.9
585.80      5.9
585.90      6.1
586.00      6.1
586.10      6.1
586.20      6.1
586.30      6.3
586.40      6.3
586.50      6.5
586.60      6.5
586.70      6.5
586.80      6.6
586.90      6.6
587.00      6.6
587.10      6.8
587.20      6.8
587.30      7.0
587.40      7.0
587.50      7.2
587.60      7.2
587.70      7.4
587.80      7.4
587.90      7.5
588.00      7.5
588.10      7.7
588.20      7.9
588.30      7.9
588.40      8.1
588.50      8.1
588.60      8.2
588.70      8.4
588.80      8.4
588.90      8.6
589.00      8.6
589.10      8.8
589.20      8.9
589.30      9.1
589.40      9.1
589.50      9.3
589.60      9.3
589.70      9.5
589.80      9.7
589.90      9.8
590.00      10.0
590.10      10.0
590.20      10.2
590.30      10.4
590.40      10.5
590.50      10.5
590.60      10.7
590.70      10.9
590.80      11.1
590.90      11.2
591.00      11.4
591.10      11.6
591.20      11.8
591.30      11.9
591.40      12.1
591.50      12.3
591.60      12.3
591.70      12.6
591.80      12.6
591.90      13.0
592.00      13.0
592.10      13.3
592.20      13.5
592.30      13.6
592.40      13.8
592.50      14.0
592.60      14.2
592.70      14.4
592.80      14.5
592.90      14.9
593.00      15.1
593.10      15.2
593.20      15.4
593.30      15.6
593.40      15.7
593.50      16.1
593.60      16.3
593.70      16.4
593.80      16.6
593.90      16.9
594.00      17.1
594.10      17.3
594.20      17.6
594.30      17.8
594.40      18.1
594.50      18.3
594.60      18.5
594.70      18.8
594.80      19.0
594.90      19.4
595.00      19.5
595.10      19.7
595.20      20.1
595.30      20.2
595.40      20.6
595.50      20.9
595.60      21.1
595.70      21.2
595.80      21.6
595.90      21.8
596.00      21.9
596.10      22.3
596.20      22.4
596.30      22.8
596.40      22.9
596.50      23.3
596.60      23.5
596.70      23.8
596.80      24.0
596.90      24.3
597.00      24.5
597.10      24.8
597.20      25.0
597.30      25.3
597.40      25.7
597.50      25.8
597.60      26.2
597.70      26.5
597.80      26.7
597.90      26.8
598.00      27.2
598.10      27.5
598.20      27.7
598.30      28.0
598.40      28.2
598.50      28.5
598.60      28.9
598.70      29.2
598.80      29.4
598.90      29.7
599.00      29.9
599.10      30.2
599.20      30.6
599.30      30.9
599.40      31.1
599.50      31.4
599.60      31.6
599.70      31.9
599.80      32.1
599.90      32.4
600.00      32.8
600.10      32.9
600.20      33.3
600.30      33.6
600.40      33.7
600.50      34.1
600.60      34.4
600.70      34.8
600.80      34.9
600.90      35.3
601.00      35.5
601.10      35.8
601.20      36.1
601.30      36.4
601.40      36.6
601.50      36.9
601.60      37.3
601.70      37.6
601.80      37.8
601.90      38.1
602.00      38.4
602.10      38.8
602.20      38.9
602.30      39.3
602.40      39.4
602.50      39.7
602.60      40.1
602.70      40.4
602.80      40.8
602.90      41.0
603.00      41.2
603.10      41.7
603.20      41.9
603.30      42.2
603.40      42.4
603.50      42.7
603.60      43.0
603.70      43.4
603.80      43.7
603.90      44.1
604.00      44.3
604.10      44.7
604.20      45.0
604.30      45.3
604.40      45.7
604.50      46.0
604.60      46.3
604.70      46.7
604.80      47.0
604.90      47.3
605.00      47.6
605.10      47.9
605.20      48.3
605.30      48.4
605.40      48.7
605.50      49.1
605.60      49.4
605.70      49.7
605.80      50.0
605.90      50.3
606.00      50.7
606.10      51.0
606.20      51.2
606.30      51.6
606.40      51.8
606.50      52.3
606.60      52.5
606.70      52.8
606.80      53.2
606.90      53.2
607.00      53.6
607.10      53.9
607.20      54.3
607.30      54.3
607.40      54.7
607.50      55.0
607.60      55.2
607.70      55.4
607.80      55.8
607.90      56.1
608.00      56.3
608.10      56.6
608.20      56.9
608.30      57.3
608.40      57.4
608.50      57.7
608.60      57.8
608.70      58.1
608.80      58.3
608.90      58.6
609.00      58.8
609.10      59.1
609.20      59.2
609.30      59.5
609.40      59.9
609.50      60.0
609.60      60.4
609.70      60.5
609.80      60.8
609.90      60.9
610.00      61.3
610.10      61.4
610.20      61.8
610.30      62.0
610.40      62.2
610.50      62.4
610.60      62.5
610.70      62.9
610.80      62.9
610.90      63.1
611.00      63.4
611.10      63.5
611.20      63.7
611.30      64.0
611.40      64.2
611.50      64.3
611.60      64.5
611.70      64.7
611.80      64.7
611.90      65.0
612.00      65.1
612.10      65.3
612.20      65.3
612.30      65.4
612.40      65.6
612.50      65.9
612.60      65.9
612.70      66.2
612.80      66.3
612.90      66.5
613.00      66.7
613.10      66.8
613.20      67.0
613.30      67.0
613.40      67.1
613.50      67.2
613.60      67.4
613.70      67.7
613.80      67.7
613.90      67.8
614.00      67.8
614.10      68.1
614.20      68.3
614.30      68.4
614.40      68.4
614.50      68.6
614.60      68.8
614.70      68.8
614.80      69.0
614.90      69.0
615.00      69.2
615.10      69.3
615.20      69.5
615.30      69.5
615.40      69.5
615.50      69.7
615.60      69.9
615.70      70.0
615.80      70.0
615.90      70.1
616.00      70.2
616.10      70.4
616.20      70.4
616.30      70.6
616.40      70.6
616.50      70.7
616.60      70.9
616.70      71.1
616.80      71.2
616.90      71.1
617.00      71.3
617.10      71.3
617.20      71.5
617.30      71.6
617.40      71.6
617.50      71.7
617.60      71.7
617.70      71.8
617.80      72.0
617.90      72.0
618.00      72.2
618.10      72.2
618.20      72.2
618.30      72.5
618.40      72.4
618.50      72.5
618.60      72.4
618.70      72.6
618.80      72.6
618.90      72.7
619.00      72.7
619.10      72.9
619.20      73.1
619.30      73.0
619.40      73.2
619.50      73.2
619.60      73.3
619.70      73.3
619.80      73.4
619.90      73.6
620.00      73.6
620.10      73.8
620.20      73.9
620.30      73.9
620.40      74.0
620.50      74.0
620.60      74.1
620.70      74.1
620.80      74.3
620.90      74.3
621.00      74.5
621.10      74.3
621.20      74.5
621.30      74.5
621.40      74.6
621.50      74.7
621.60      74.7
621.70      74.7
621.80      74.9
621.90      74.9
622.00      74.9
622.10      74.9
622.20      75.0
622.30      75.1
622.40      75.1
622.50      75.2
622.60      75.2
622.70      75.4
622.80      75.4
622.90      75.4
623.00      75.4
623.10      75.7
623.20      75.7
623.30      75.6
623.40      75.6
623.50      75.8
623.60      75.9
623.70      75.9
623.80      75.9
623.90      76.0
624.00      76.0
624.10      76.1
624.20      76.1
624.30      76.0
624.40      76.2
624.50      76.3
624.60      76.2
624.70      76.3
624.80      76.3
624.90      76.5
625.00      76.5
625.10      76.5
625.20      76.4
625.30      76.5
625.40      76.5
625.50      76.7
625.60      76.7
625.70      76.6
625.80      76.9
625.90      76.9
626.00      76.9
626.10      77.0
626.20      77.0
626.30      77.1
626.40      77.1
626.50      77.1
626.60      77.1
626.70      76.9
626.80      76.9
626.90      77.1
627.00      77.1
627.10      77.3
627.20      77.3
627.30      77.3
627.40      77.4
627.50      77.3
627.60      77.3
627.70      77.3
627.80      77.3
627.90      77.5
628.00      77.5
628.10      77.6
628.20      77.6
628.30      77.6
628.40      77.5
628.50      77.7
628.60      77.7
628.70      77.7
628.80      77.7
628.90      77.8
629.00      77.8
629.10      77.8
629.20      77.8
629.30      78.0
629.40      78.0
629.50      77.8
629.60      77.8
629.70      78.0
629.80      78.0
629.90      78.0
630.00      78.0
630.10      78.2
630.20      78.0
630.30      78.0
630.40      78.2
630.50      78.0
630.60      78.2
630.70      78.2
630.80      78.2
630.90      78.1
631.00      78.2
631.10      78.2
631.20      78.2
631.30      78.2
631.40      78.2
631.50      78.4
631.60      78.4
631.70      78.4
631.80      78.4
631.90      78.4
632.00      78.4
632.10      78.6
632.20      78.6
632.30      78.4
632.40      78.6
632.50      78.6
632.60      78.6
632.70      78.6
632.80      78.6
632.90      78.5
633.00      78.5
633.10      78.5
633.20      78.6
633.30      78.6
633.40      78.8
633.50      78.8
633.60      78.6
633.70      78.6
633.80      78.6
633.90      78.6
634.00      78.8
634.10      78.8
634.20      78.8
634.30      78.8
634.40      78.8
634.50      78.8
634.60      78.8
634.70      78.8
634.80      78.8
634.90      78.8
635.00      78.8
635.10      78.9
635.20      79.0
635.30      78.9
635.40      78.9
635.50      79.1
635.60      79.0
635.70      79.1
635.80      79.0
635.90      79.0
636.00      79.0
636.10      79.2
636.20      79.2
636.30      79.0
636.40      79.2
636.50      79.0
636.60      79.2
636.70      79.2
636.80      79.2
636.90      79.2
637.00      79.2
637.10      79.4
637.20      79.4
637.30      79.4
637.40      79.2
637.50      79.4
637.60      79.4
637.70      79.4
637.80      79.2
637.90      79.4
638.00      79.2
638.10      79.4
638.20      79.4
638.30      79.4
638.40      79.6
638.50      79.6
638.60      79.4
638.70      79.6
638.80      79.4
638.90      79.4
639.00      79.4
639.10      79.4
639.20      79.4
639.30      79.6
639.40      79.6
639.50      79.6
639.60      79.6
639.70      79.6
639.80      79.5
639.90      79.5
640.00      79.6
640.10      79.6
640.20      79.6
640.30      79.6
640.40      79.6
640.50      79.6
640.60      79.5
640.70      79.5
640.80      79.5
640.90      79.7
641.00      79.8
641.10      79.7
641.20      79.7
641.30      79.7
641.40      79.7
641.50      79.7
641.60      79.8
641.70      79.7
641.80      79.7
641.90      79.7
642.00      79.7
642.10      79.7
642.20      79.7
642.30      79.8
642.40      79.7
642.50      79.8
642.60      79.8
642.70      79.8
642.80      79.8
642.90      79.7
643.00      79.8
643.10      79.7
643.20      79.7
643.30      79.7
643.40      79.7
643.50      79.9
643.60      79.7
643.70      79.9
643.80      79.9
643.90      79.9
644.00      80.0
644.10      80.0
644.20      80.0
644.30      79.9
644.40      80.0
644.50      79.9
644.60      80.0
644.70      79.9
644.80      80.1
644.90      79.9
645.00      79.9
645.10      80.1
645.20      80.1
645.30      80.1
645.40      80.1
645.50      80.1
645.60      80.1
645.70      80.2
645.80      80.1
645.90      80.1
646.00      80.1
646.10      80.2
646.20      80.2
646.30      80.2
646.40      80.2
646.50      80.2
646.60      80.2
646.70      80.2
646.80      80.2
646.90      80.1
647.00      80.1
647.10      80.1
647.20      80.1
647.30      80.1
647.40      80.3
647.50      80.3
647.60      80.3
647.70      80.3
647.80      80.3
647.90      80.1
648.00      80.3
648.10      80.3
648.20      80.3
648.30      80.3
648.40      80.3
648.50      80.3
648.60      80.1
648.70      80.1
648.80      80.1
648.90      80.3
649.00      80.3
649.10      80.3
649.20      80.3
649.30      80.3
649.40      80.3
649.50      80.3
649.60      80.3
649.70      80.3
649.80      80.3
649.90      80.3
650.00      80.3
650.10      80.3
650.20      80.2
650.30      80.3
650.40      80.3
650.50      80.3
650.60      80.4
650.70      80.3
650.80      80.3
650.90      80.2
651.00      80.3
651.10      80.3
651.20      80.3
651.30      80.3
651.40      80.3
651.50      80.3
651.60      80.3
651.70      80.3
651.80      80.3
651.90      80.2
652.00      80.2
652.10      80.3
652.20      80.3
652.30      80.3
652.40      80.2
652.50      80.2
652.60      80.2
652.70      80.3
652.80      80.3
652.90      80.3
653.00      80.3
653.10      80.3
653.20      80.3
653.30      80.3
653.40      80.3
653.50      80.3
653.60      80.3
653.70      80.4
653.80      80.5
653.90      80.5
654.00      80.5
654.10      80.5
654.20      80.5
654.30      80.4
654.40      80.4
654.50      80.4
654.60      80.4
654.70      80.5
654.80      80.5
654.90      80.4
655.00      80.4
655.10      80.4
655.20      80.4
655.30      80.5
655.40      80.7
655.50      80.5
655.60      80.5
655.70      80.5
655.80      80.5
655.90      80.5
656.00      80.5
656.10      80.5
656.20      80.5
656.30      80.5
656.40      80.5
656.50      80.5
656.60      80.5
656.70      80.5
656.80      80.5
656.90      80.5
657.00      80.5
657.10      80.5
657.20      80.5
657.30      80.5
657.40      80.4
657.50      80.5
657.60      80.5
657.70      80.7
657.80      80.6
657.90      80.7
658.00      80.6
658.10      80.4
658.20      80.4
658.30      80.6
658.40      80.5
658.50      80.6
658.60      80.7
658.70      80.7
658.80      80.7
658.90      80.6
659.00      80.6
659.10      80.7
659.20      80.4
659.30      80.7
659.40      80.6
659.50      80.6
659.60      80.6
659.70      80.6
659.80      80.6
659.90      80.6
660.00      80.6
660.10      80.6
660.20      80.6
660.30      80.7
660.40      80.7
660.50      80.6
660.60      80.7
660.70      80.6
660.80      80.6
660.90      80.6
661.00      80.6
661.10      80.6
661.20      80.7
661.30      80.7
661.40      80.7
661.50      80.6
661.60      80.7
661.70      80.6
661.80      80.7
661.90      80.6
662.00      80.7
662.10      80.6
662.20      80.7
662.30      80.6
662.40      80.6
662.50      80.7
662.60      80.6
662.70      80.6
662.80      80.6
662.90      80.6
663.00      80.6
663.10      80.6
663.20      80.6
663.30      80.6
663.40      80.6
663.50      80.6
663.60      80.6
663.70      80.6
663.80      80.6
663.90      80.6
664.00      80.6
664.10      80.6
664.20      80.6
664.30      80.7
664.40      80.6
664.50      80.7
664.60      80.7
664.70      80.6
664.80      80.6
664.90      80.7
665.00      80.9
665.10      80.9
665.20      80.7
665.30      80.7
665.40      80.6
665.50      80.6
665.60      80.7
665.70      80.7
665.80      80.7
665.90      80.7
666.00      80.7
666.10      80.7
666.20      80.7
666.30      80.6
666.40      80.6
666.50      80.7
666.60      80.7
666.70      80.7
666.80      80.6
666.90      80.7
667.00      80.7
667.10      80.7
667.20      80.7
667.30      80.7
667.40      80.7
667.50      80.7
667.60      80.7
667.70      80.7
667.80      80.7
667.90      80.7
668.00      80.7
668.10      80.7
668.20      80.7
668.30      80.7
668.40      80.7
668.50      80.7
668.60      80.7
668.70      80.7
668.80      80.9
668.90      81.0
669.00      80.9
669.10      80.7
669.20      80.7
669.30      80.7
669.40      80.7
669.50      80.7
669.60      80.7
669.70      80.9
669.80      80.7
669.90      80.7
670.00      80.7
670.10      80.7
670.20      80.7
670.30      80.7
670.40      80.7
670.50      80.7
670.60      80.7
670.70      80.7
670.80      80.7
670.90      80.7
671.00      80.7
671.10      80.7
671.20      80.7
671.30      80.7
671.40      80.7
671.50      80.7
671.60      80.7
671.70      80.7
671.80      80.7
671.90      80.7
672.00      80.7
672.10      80.7
672.20      80.7
672.30      80.7
672.40      80.7
672.50      80.7
672.60      80.9
672.70      80.9
672.80      80.9
672.90      80.7
673.00      80.9
673.10      80.9
673.20      80.7
673.30      80.9
673.40      80.7
673.50      80.7
673.60      80.7
673.70      80.7
673.80      80.7
673.90      80.9
674.00      80.7
674.10      80.7
674.20      80.9
674.30      80.7
674.40      80.9
674.50      80.9
674.60      80.9
674.70      80.9
674.80      80.9
674.90      80.9
675.00      80.9
675.10      80.9
675.20      80.9
675.30      80.9
675.40      80.9
675.50      80.9
675.60      80.9
675.70      80.9
675.80      80.9
675.90      80.9
676.00      80.9
676.10      80.9
676.20      80.9
676.30      80.7
676.40      80.9
676.50      80.9
676.60      80.9
676.70      80.9
676.80      80.9
676.90      80.9
677.00      80.9
677.10      80.9
677.20      80.9
677.30      80.9
677.40      80.9
677.50      80.9
677.60      80.9
677.70      80.9
677.80      80.9
677.90      80.9
678.00      80.9
678.10      80.9
678.20      80.9
678.30      81.0
678.40      81.0
678.50      81.0
678.60      81.0
678.70      81.0
678.80      81.0
678.90      80.9
679.00      81.0
679.10      81.0
679.20      81.0
679.30      81.0
679.40      81.0
679.50      81.0
679.60      81.0
679.70      81.0
679.80      81.0
679.90      81.0
680.00      81.0
680.10      81.1
680.20      80.8
680.30      80.8
680.40      80.8
680.50      81.0
680.60      81.0
680.70      80.8
680.80      81.0
680.90      81.0
681.00      81.0
681.10      80.8
681.20      81.0
681.30      81.0
681.40      81.0
681.50      81.0
681.60      81.0
681.70      81.0
681.80      80.8
681.90      80.8
682.00      80.8
682.10      81.0
682.20      80.8
682.30      80.8
682.40      80.8
682.50      80.8
682.60      80.8
682.70      80.9
682.80      80.9
682.90      80.9
683.00      80.9
683.10      80.9
683.20      80.9
683.30      80.9
683.40      80.9
683.50      80.9
683.60      80.9
683.70      80.9
683.80      81.1
683.90      80.9
684.00      81.1
684.10      80.9
684.20      81.1
684.30      81.1
684.40      81.1
684.50      80.9
684.60      80.9
684.70      81.1
684.80      80.9
684.90      80.9
685.00      80.9
685.10      80.9
685.20      80.9
685.30      80.9
685.40      81.0
685.50      81.0
685.60      81.0
685.70      81.0
685.80      81.0
685.90      81.0
686.00      80.9
686.10      81.0
686.20      80.9
686.30      80.9
686.40      81.0
686.50      81.0
686.60      80.8
686.70      81.1
686.80      81.0
686.90      81.1
687.00      81.0
687.10      81.0
687.20      81.0
687.30      81.0
687.40      81.1
687.50      81.1
687.60      81.1
687.70      80.9
687.80      80.9
687.90      80.9
688.00      81.1
688.10      80.9
688.20      81.1
688.30      81.1
688.40      80.9
688.50      80.9
688.60      80.9
688.70      80.9
688.80      80.9
688.90      80.9
689.00      80.9
689.10      80.9
689.20      81.0
689.30      81.0
689.40      80.9
689.50      81.0
689.60      81.0
689.70      81.1
689.80      81.1
689.90      81.0
690.00      81.1
690.10      81.0
690.20      80.9
690.30      81.1
690.40      81.1
690.50      80.9
690.60      80.9
690.70      81.0
690.80      81.0
690.90      81.0
691.00      81.0
691.10      81.0
691.20      81.1
691.30      80.9
691.40      81.1
691.50      81.1
691.60      81.0
691.70      81.0
691.80      81.0
691.90      81.1
692.00      81.1
692.10      81.1
692.20      81.0
692.30      81.0
692.40      81.0
692.50      81.1
692.60      81.0
692.70      81.2
692.80      81.0
692.90      81.0
693.00      81.0
693.10      81.1
693.20      81.1
693.30      81.0
693.40      81.0
693.50      81.1
693.60      81.1
693.70      81.0
693.80      81.1
693.90      81.0
694.00      81.0
694.10      81.0
694.20      81.1
694.30      81.1
694.40      80.9
694.50      81.0
694.60      81.1
694.70      81.0
694.80      81.0
694.90      81.0
695.00      81.1
695.10      81.0
695.20      81.0
695.30      80.9
695.40      81.1
695.50      81.0
695.60      81.0
695.70      80.9
695.80      81.0
695.90      81.1
696.00      81.0
696.10      81.1
696.20      81.0
696.30      81.0
696.40      81.0
696.50      81.1
696.60      81.0
696.70      80.9
696.80      81.1
696.90      81.1
697.00      81.0
697.10      81.0
697.20      81.1
697.30      81.1
697.40      81.2
697.50      81.1
697.60      81.0
697.70      81.0
697.80      81.1
697.90      81.3
698.00      81.2
698.10      81.1
698.20      81.1
698.30      81.0
698.40      81.1
698.50      81.1
698.60      81.2
698.70      81.1
698.80      81.0
698.90      81.2
699.00      81.0
699.10      81.0
699.20      81.0
699.30      81.0
699.40      81.1
699.50      81.1
699.60      81.2
699.70      81.0
699.80      81.1
699.90      81.1
700.00      81.1
