300.00      1.5
300.10      1.5
300.20      1.5
300.30      1.5
300.40      1.5
300.50      1.5
300.60      1.5
300.70      1.5
300.80      1.5
300.90      1.5
301.00      1.5
301.10      1.5
301.20      1.5
301.30      1.5
301.40      1.5
301.50      1.5
301.60      1.5
301.70      1.5
301.80      1.5
301.90      1.5
302.00      1.5
302.10      1.5
302.20      1.5
302.30      1.5
302.40      1.5
302.50      1.5
302.60      1.5
302.70      1.5
302.80      1.5
302.90      1.5
303.00      1.5
303.10      1.5
303.20      1.5
303.30      1.5
303.40      1.5
303.50      1.5
303.60      1.5
303.70      1.5
303.80      1.5
303.90      1.5
304.00      1.5
304.10      1.5
304.20      1.5
304.30      1.5
304.40      1.5
304.50      1.5
304.60      1.5
304.70      1.5
304.80      1.5
304.90      1.5
305.00      1.5
305.10      1.5
305.20      1.5
305.30      1.5
305.40      1.5
305.50      1.5
305.60      1.5
305.70      1.5
305.80      1.5
305.90      1.5
306.00      1.5
306.10      1.5
306.20      1.5
306.30      1.5
306.40      1.5
306.50      1.5
306.60      1.5
306.70      1.5
306.80      1.5
306.90      1.5
307.00      1.5
307.10      1.5
307.20      1.5
307.30      1.5
307.40      1.5
307.50      1.5
307.60      1.5
307.70      1.5
307.80      1.5
307.90      1.5
308.00      1.5
308.10      1.5
308.20      1.5
308.30      1.5
308.40      1.5
308.50      1.5
308.60      1.5
308.70      1.5
308.80      1.5
308.90      1.5
309.00      1.5
309.10      1.5
309.20      1.5
309.30      1.5
309.40      1.5
309.50      1.5
309.60      1.5
309.70      1.5
309.80      1.5
309.90      1.5
310.00      1.5
310.10      1.5
310.20      1.5
310.30      1.5
310.40      1.5
310.50      1.5
310.60      1.5
310.70      1.5
310.80      1.5
310.90      1.5
311.00      1.5
311.10      1.5
311.20      1.5
311.30      1.5
311.40      1.5
311.50      1.5
311.60      1.5
311.70      1.5
311.80      1.5
311.90      1.5
312.00      1.5
312.10      1.5
312.20      1.5
312.30      1.5
312.40      1.5
312.50      1.5
312.60      1.5
312.70      1.5
312.80      1.5
312.90      1.5
313.00      1.5
313.10      1.5
313.20      1.5
313.30      1.5
313.40      1.5
313.50      1.5
313.60      1.5
313.70      1.5
313.80      1.5
313.90      1.5
314.00      1.5
314.10      1.5
314.20      1.5
314.30      1.5
314.40      1.5
314.50      1.5
314.60      1.5
314.70      1.5
314.80      1.5
314.90      1.5
315.00      1.5
315.10      1.5
315.20      1.5
315.30      1.5
315.40      1.5
315.50      1.5
315.60      1.5
315.70      1.5
315.80      1.5
315.90      1.5
316.00      1.5
316.10      1.5
316.20      1.5
316.30      1.5
316.40      1.5
316.50      1.5
316.60      1.5
316.70      1.5
316.80      1.5
316.90      1.5
317.00      1.5
317.10      1.5
317.20      1.5
317.30      1.5
317.40      1.5
317.50      1.5
317.60      1.5
317.70      1.5
317.80      1.5
317.90      1.5
318.00      1.5
318.10      1.5
318.20      1.5
318.30      1.5
318.40      1.5
318.50      1.5
318.60      1.5
318.70      1.5
318.80      1.5
318.90      1.5
319.00      1.5
319.10      1.5
319.20      1.5
319.30      1.5
319.40      1.5
319.50      1.5
319.60      1.5
319.70      1.5
319.80      1.5
319.90      1.5
320.00      1.5
320.10      1.5
320.20      1.5
320.30      1.5
320.40      1.5
320.50      1.5
320.60      1.5
320.70      1.5
320.80      1.5
320.90      1.5
321.00      1.5
321.10      1.5
321.20      1.5
321.30      1.5
321.40      1.5
321.50      1.5
321.60      1.5
321.70      1.5
321.80      1.5
321.90      1.5
322.00      1.5
322.10      1.5
322.20      1.5
322.30      1.5
322.40      1.5
322.50      1.5
322.60      1.5
322.70      1.5
322.80      1.5
322.90      1.5
323.00      1.5
323.10      1.5
323.20      1.5
323.30      1.5
323.40      1.5
323.50      1.5
323.60      1.5
323.70      1.5
323.80      1.5
323.90      1.5
324.00      1.5
324.10      1.5
324.20      1.5
324.30      1.5
324.40      1.5
324.50      1.5
324.60      1.5
324.70      1.5
324.80      1.5
324.90      1.5
325.00      1.5
325.10      1.5
325.20      1.5
325.30      1.5
325.40      1.5
325.50      1.5
325.60      1.5
325.70      1.5
325.80      1.5
325.90      1.5
326.00      1.5
326.10      1.5
326.20      1.5
326.30      1.5
326.40      1.5
326.50      1.5
326.60      1.5
326.70      1.5
326.80      1.5
326.90      1.5
327.00      1.5
327.10      1.5
327.20      1.5
327.30      1.5
327.40      1.5
327.50      1.5
327.60      1.5
327.70      1.5
327.80      1.5
327.90      1.5
328.00      1.5
328.10      1.5
328.20      1.5
328.30      1.5
328.40      1.5
328.50      1.5
328.60      1.5
328.70      1.5
328.80      1.5
328.90      1.5
329.00      1.5
329.10      1.5
329.20      1.5
329.30      1.5
329.40      1.5
329.50      1.5
329.60      1.5
329.70      1.5
329.80      1.5
329.90      1.5
330.00      1.5
330.10      1.5
330.20      1.5
330.30      1.5
330.40      1.5
330.50      1.5
330.60      1.5
330.70      1.5
330.80      1.5
330.90      1.5
331.00      1.5
331.10      1.5
331.20      1.5
331.30      1.5
331.40      1.5
331.50      1.5
331.60      1.5
331.70      1.5
331.80      1.5
331.90      1.5
332.00      1.5
332.10      1.5
332.20      1.5
332.30      1.5
332.40      1.5
332.50      1.5
332.60      1.5
332.70      1.5
332.80      1.5
332.90      1.5
333.00      1.5
333.10      1.5
333.20      1.5
333.30      1.5
333.40      1.5
333.50      1.5
333.60      1.5
333.70      1.5
333.80      1.5
333.90      1.5
334.00      1.5
334.10      1.5
334.20      1.5
334.30      1.5
334.40      1.5
334.50      1.5
334.60      1.5
334.70      1.5
334.80      1.5
334.90      1.5
335.00      1.5
335.10      1.5
335.20      1.5
335.30      1.5
335.40      1.5
335.50      1.5
335.60      1.5
335.70      1.5
335.80      1.5
335.90      1.5
336.00      1.5
336.10      1.5
336.20      1.5
336.30      1.5
336.40      1.5
336.50      1.5
336.60      1.5
336.70      1.5
336.80      1.5
336.90      1.5
337.00      1.5
337.10      1.5
337.20      1.5
337.30      1.5
337.40      1.5
337.50      1.5
337.60      1.5
337.70      1.5
337.80      1.5
337.90      1.5
338.00      1.5
338.10      1.5
338.20      1.5
338.30      1.5
338.40      1.5
338.50      1.5
338.60      1.5
338.70      1.5
338.80      1.5
338.90      1.5
339.00      1.5
339.10      1.5
339.20      1.5
339.30      1.5
339.40      1.5
339.50      1.5
339.60      1.5
339.70      1.5
339.80      1.5
339.90      1.5
340.00      1.5
340.10      1.5
340.20      1.5
340.30      1.5
340.40      1.5
340.50      1.5
340.60      1.5
340.70      1.5
340.80      1.5
340.90      1.5
341.00      1.5
341.10      1.5
341.20      1.5
341.30      1.5
341.40      1.5
341.50      1.5
341.60      1.5
341.70      1.5
341.80      1.5
341.90      1.5
342.00      1.5
342.10      1.5
342.20      1.5
342.30      1.5
342.40      1.5
342.50      1.5
342.60      1.5
342.70      1.5
342.80      1.5
342.90      1.5
343.00      1.5
343.10      1.5
343.20      1.5
343.30      1.5
343.40      1.5
343.50      1.5
343.60      1.5
343.70      1.5
343.80      1.5
343.90      1.5
344.00      1.5
344.10      1.5
344.20      1.5
344.30      1.5
344.40      1.5
344.50      1.5
344.60      1.5
344.70      1.5
344.80      1.5
344.90      1.5
345.00      1.5
345.10      1.5
345.20      1.5
345.30      1.5
345.40      1.5
345.50      1.5
345.60      1.5
345.70      1.5
345.80      1.5
345.90      1.5
346.00      1.5
346.10      1.5
346.20      1.5
346.30      1.5
346.40      1.5
346.50      1.5
346.60      1.5
346.70      1.5
346.80      1.5
346.90      1.5
347.00      1.5
347.10      1.5
347.20      1.5
347.30      1.5
347.40      1.5
347.50      1.5
347.60      1.5
347.70      1.5
347.80      1.5
347.90      1.5
348.00      1.5
348.10      1.5
348.20      1.5
348.30      1.5
348.40      1.5
348.50      1.5
348.60      1.5
348.70      1.5
348.80      1.5
348.90      1.5
349.00      1.5
349.10      1.5
349.20      1.5
349.30      1.5
349.40      1.5
349.50      1.5
349.60      1.5
349.70      1.5
349.80      1.5
349.90      1.5
350.00      1.5
350.10      1.5
350.20      1.5
350.30      1.5
350.40      1.5
350.50      1.5
350.60      1.5
350.70      1.5
350.80      1.5
350.90      1.5
351.00      1.5
351.10      1.5
351.20      1.5
351.30      1.5
351.40      1.5
351.50      1.5
351.60      1.5
351.70      1.5
351.80      1.5
351.90      1.5
352.00      1.5
352.10      1.5
352.20      1.5
352.30      1.5
352.40      1.5
352.50      1.5
352.60      1.5
352.70      1.5
352.80      1.5
352.90      1.5
353.00      1.5
353.10      1.5
353.20      1.5
353.30      1.5
353.40      1.5
353.50      1.5
353.60      1.5
353.70      1.5
353.80      1.5
353.90      1.5
354.00      1.5
354.10      1.5
354.20      1.5
354.30      1.5
354.40      1.5
354.50      1.5
354.60      1.5
354.70      1.5
354.80      1.5
354.90      1.5
355.00      1.5
355.10      1.5
355.20      1.5
355.30      1.5
355.40      1.5
355.50      1.5
355.60      1.5
355.70      1.5
355.80      1.5
355.90      1.5
356.00      1.5
356.10      1.5
356.20      1.5
356.30      1.5
356.40      1.5
356.50      1.5
356.60      1.5
356.70      1.5
356.80      1.5
356.90      1.5
357.00      1.5
357.10      1.5
357.20      1.5
357.30      1.5
357.40      1.5
357.50      1.5
357.60      1.5
357.70      1.5
357.80      1.5
357.90      1.5
358.00      1.5
358.10      1.5
358.20      1.5
358.30      1.5
358.40      1.5
358.50      1.5
358.60      1.5
358.70      1.5
358.80      1.5
358.90      1.5
359.00      1.5
359.10      1.5
359.20      1.5
359.30      1.5
359.40      1.5
359.50      1.5
359.60      1.5
359.70      1.5
359.80      1.5
359.90      1.5
360.00      1.5
360.10      1.5
360.20      1.5
360.30      1.5
360.40      1.5
360.50      1.5
360.60      1.5
360.70      1.5
360.80      1.5
360.90      1.5
361.00      1.5
361.10      1.5
361.20      1.5
361.30      1.5
361.40      1.5
361.50      1.5
361.60      1.5
361.70      1.5
361.80      1.5
361.90      1.5
362.00      1.5
362.10      1.5
362.20      1.5
362.30      1.5
362.40      1.5
362.50      1.5
362.60      1.5
362.70      1.5
362.80      1.5
362.90      1.5
363.00      1.5
363.10      1.5
363.20      1.5
363.30      1.5
363.40      1.5
363.50      1.5
363.60      1.5
363.70      1.5
363.80      1.5
363.90      1.5
364.00      1.5
364.10      1.5
364.20      1.5
364.30      1.5
364.40      1.5
364.50      1.5
364.60      1.5
364.70      1.5
364.80      1.5
364.90      1.5
365.00      1.5
365.10      1.5
365.20      1.5
365.30      1.5
365.40      1.5
365.50      1.5
365.60      1.5
365.70      1.5
365.80      1.5
365.90      1.5
366.00      1.5
366.10      1.5
366.20      1.5
366.30      1.5
366.40      1.5
366.50      1.5
366.60      1.5
366.70      1.5
366.80      1.5
366.90      1.5
367.00      1.5
367.10      1.5
367.20      1.5
367.30      1.5
367.40      1.5
367.50      1.5
367.60      1.5
367.70      1.5
367.80      1.5
367.90      1.5
368.00      1.5
368.10      1.5
368.20      1.5
368.30      1.5
368.40      1.5
368.50      1.5
368.60      1.5
368.70      1.5
368.80      1.5
368.90      1.5
369.00      1.5
369.10      1.5
369.20      1.5
369.30      1.5
369.40      1.5
369.50      1.5
369.60      1.5
369.70      1.5
369.80      1.5
369.90      1.5
370.00      1.5
370.10      1.5
370.20      1.5
370.30      1.5
370.40      1.5
370.50      1.5
370.60      1.5
370.70      1.5
370.80      1.5
370.90      1.5
371.00      1.5
371.10      1.5
371.20      1.5
371.30      1.5
371.40      1.5
371.50      1.5
371.60      1.5
371.70      1.5
371.80      1.5
371.90      1.5
372.00      1.5
372.10      1.5
372.20      1.5
372.30      1.5
372.40      1.5
372.50      1.5
372.60      1.5
372.70      1.5
372.80      1.5
372.90      1.5
373.00      1.5
373.10      1.5
373.20      1.5
373.30      1.5
373.40      1.5
373.50      1.5
373.60      1.5
373.70      1.5
373.80      1.5
373.90      1.5
374.00      1.5
374.10      1.5
374.20      1.5
374.30      1.5
374.40      1.5
374.50      1.5
374.60      1.5
374.70      1.5
374.80      1.5
374.90      1.5
375.00      1.5
375.10      1.5
375.20      1.5
375.30      1.5
375.40      1.5
375.50      1.5
375.60      1.5
375.70      1.5
375.80      1.5
375.90      1.5
376.00      1.5
376.10      1.5
376.20      1.5
376.30      1.5
376.40      1.5
376.50      1.5
376.60      1.5
376.70      1.5
376.80      1.5
376.90      1.5
377.00      1.5
377.10      1.5
377.20      1.5
377.30      1.5
377.40      1.5
377.50      1.5
377.60      1.5
377.70      1.5
377.80      1.5
377.90      1.5
378.00      1.5
378.10      1.5
378.20      1.5
378.30      1.5
378.40      1.5
378.50      1.5
378.60      1.5
378.70      1.5
378.80      1.5
378.90      1.5
379.00      1.5
379.10      1.5
379.20      1.5
379.30      1.5
379.40      1.5
379.50      1.5
379.60      1.5
379.70      1.5
379.80      1.5
379.90      1.5
380.00      1.5
380.10      1.5
380.20      1.5
380.30      1.5
380.40      1.5
380.50      1.5
380.60      1.5
380.70      1.5
380.80      1.5
380.90      1.5
381.00      1.5
381.10      1.5
381.20      1.5
381.30      1.5
381.40      1.5
381.50      1.5
381.60      1.5
381.70      1.5
381.80      1.5
381.90      1.5
382.00      1.5
382.10      1.5
382.20      1.5
382.30      1.5
382.40      1.5
382.50      1.5
382.60      1.5
382.70      1.5
382.80      1.5
382.90      1.5
383.00      1.5
383.10      1.5
383.20      1.5
383.30      1.5
383.40      1.5
383.50      1.5
383.60      1.5
383.70      1.5
383.80      1.5
383.90      1.5
384.00      1.5
384.10      1.5
384.20      1.5
384.30      1.5
384.40      1.5
384.50      1.5
384.60      1.5
384.70      1.5
384.80      1.5
384.90      1.5
385.00      1.5
385.10      1.5
385.20      1.5
385.30      1.5
385.40      1.5
385.50      1.5
385.60      1.5
385.70      1.5
385.80      1.5
385.90      1.5
386.00      1.5
386.10      1.5
386.20      1.5
386.30      1.5
386.40      1.5
386.50      1.5
386.60      1.5
386.70      1.5
386.80      1.5
386.90      1.5
387.00      1.5
387.10      1.5
387.20      1.5
387.30      1.5
387.40      1.5
387.50      1.5
387.60      1.5
387.70      1.5
387.80      1.5
387.90      1.5
388.00      1.5
388.10      1.5
388.20      1.5
388.30      1.5
388.40      1.5
388.50      1.5
388.60      1.5
388.70      1.5
388.80      1.5
388.90      1.5
389.00      1.5
389.10      1.5
389.20      1.5
389.30      1.5
389.40      1.5
389.50      1.5
389.60      1.5
389.70      1.5
389.80      1.5
389.90      1.5
390.00      1.5
390.10      1.5
390.20      1.5
390.30      1.5
390.40      1.5
390.50      1.5
390.60      1.5
390.70      1.5
390.80      1.5
390.90      1.5
391.00      1.5
391.10      1.5
391.20      1.5
391.30      1.5
391.40      1.5
391.50      1.5
391.60      1.5
391.70      1.5
391.80      1.5
391.90      1.5
392.00      1.5
392.10      1.5
392.20      1.5
392.30      1.5
392.40      1.5
392.50      1.5
392.60      1.5
392.70      1.5
392.80      1.5
392.90      1.5
393.00      1.5
393.10      1.5
393.20      1.5
393.30      1.5
393.40      1.5
393.50      1.5
393.60      1.5
393.70      1.5
393.80      1.5
393.90      1.5
394.00      1.5
394.10      1.5
394.20      1.5
394.30      1.5
394.40      1.5
394.50      1.5
394.60      1.5
394.70      1.5
394.80      1.5
394.90      1.5
395.00      1.5
395.10      1.5
395.20      1.5
395.30      1.5
395.40      1.5
395.50      1.5
395.60      1.5
395.70      1.5
395.80      1.5
395.90      1.5
396.00      1.5
396.10      1.5
396.20      1.5
396.30      1.5
396.40      1.5
396.50      1.5
396.60      1.5
396.70      1.5
396.80      1.5
396.90      1.5
397.00      1.5
397.10      1.5
397.20      1.5
397.30      1.5
397.40      1.5
397.50      1.5
397.60      1.5
397.70      1.5
397.80      1.5
397.90      1.5
398.00      1.5
398.10      1.5
398.20      1.5
398.30      1.5
398.40      1.5
398.50      1.5
398.60      1.5
398.70      1.5
398.80      1.5
398.90      1.5
399.00      1.5
399.10      1.5
399.20      1.5
399.30      1.5
399.40      1.5
399.50      1.5
399.60      1.5
399.70      1.5
399.80      1.5
399.90      1.5
400.00      1.5
400.10      1.5
400.20      1.5
400.30      1.5
400.40      1.5
400.50      1.5
400.60      1.5
400.70      1.5
400.80      1.5
400.90      1.5
401.00      1.5
401.10      1.5
401.20      1.5
401.30      1.5
401.40      1.5
401.50      1.5
401.60      1.5
401.70      1.5
401.80      1.5
401.90      1.5
402.00      1.5
402.10      1.5
402.20      1.5
402.30      1.5
402.40      1.5
402.50      1.5
402.60      1.5
402.70      1.5
402.80      1.5
402.90      1.5
403.00      1.5
403.10      1.5
403.20      1.5
403.30      1.5
403.40      1.5
403.50      1.5
403.60      1.5
403.70      1.5
403.80      1.5
403.90      1.5
404.00      1.5
404.10      1.5
404.20      1.5
404.30      1.5
404.40      1.5
404.50      1.5
404.60      1.5
404.70      1.5
404.80      1.5
404.90      1.5
405.00      1.5
405.10      1.5
405.20      1.5
405.30      1.5
405.40      1.5
405.50      1.5
405.60      1.5
405.70      1.5
405.80      1.5
405.90      1.5
406.00      1.5
406.10      1.5
406.20      1.5
406.30      1.5
406.40      1.5
406.50      1.5
406.60      1.5
406.70      1.5
406.80      1.5
406.90      1.5
407.00      1.5
407.10      1.5
407.20      1.5
407.30      1.5
407.40      1.5
407.50      1.5
407.60      1.5
407.70      1.5
407.80      1.5
407.90      1.5
408.00      1.5
408.10      1.5
408.20      1.5
408.30      1.5
408.40      1.5
408.50      1.5
408.60      1.5
408.70      1.5
408.80      1.5
408.90      1.5
409.00      1.5
409.10      1.5
409.20      1.5
409.30      1.5
409.40      1.5
409.50      1.5
409.60      1.5
409.70      1.5
409.80      1.5
409.90      1.5
410.00      1.5
410.10      1.5
410.20      1.5
410.30      1.5
410.40      1.5
410.50      1.5
410.60      1.5
410.70      1.5
410.80      1.5
410.90      1.5
411.00      1.5
411.10      1.5
411.20      1.5
411.30      1.5
411.40      1.5
411.50      1.5
411.60      1.5
411.70      1.5
411.80      1.5
411.90      1.5
412.00      1.5
412.10      1.5
412.20      1.5
412.30      1.5
412.40      1.5
412.50      1.5
412.60      1.5
412.70      1.5
412.80      1.5
412.90      1.5
413.00      1.5
413.10      1.5
413.20      1.5
413.30      1.5
413.40      1.5
413.50      1.5
413.60      1.5
413.70      1.5
413.80      1.5
413.90      1.5
414.00      1.5
414.10      1.5
414.20      1.5
414.30      1.5
414.40      1.5
414.50      1.5
414.60      1.5
414.70      1.5
414.80      1.5
414.90      1.5
415.00      1.5
415.10      1.5
415.20      1.5
415.30      1.5
415.40      1.5
415.50      1.5
415.60      1.5
415.70      1.5
415.80      1.5
415.90      1.5
416.00      1.5
416.10      1.5
416.20      1.5
416.30      1.5
416.40      1.5
416.50      1.5
416.60      1.5
416.70      1.5
416.80      1.5
416.90      1.5
417.00      1.5
417.10      1.5
417.20      1.5
417.30      1.5
417.40      1.5
417.50      1.5
417.60      1.5
417.70      1.5
417.80      1.5
417.90      1.5
418.00      1.5
418.10      1.5
418.20      1.5
418.30      1.5
418.40      1.5
418.50      1.5
418.60      1.5
418.70      1.5
418.80      1.5
418.90      1.5
419.00      1.5
419.10      1.5
419.20      1.5
419.30      1.5
419.40      1.5
419.50      1.5
419.60      1.5
419.70      1.5
419.80      1.5
419.90      1.5
420.00      1.5
420.10      1.5
420.20      1.5
420.30      1.5
420.40      1.5
420.50      1.5
420.60      1.5
420.70      1.5
420.80      1.5
420.90      1.5
421.00      1.5
421.10      1.5
421.20      1.5
421.30      1.5
421.40      1.5
421.50      1.5
421.60      1.5
421.70      1.5
421.80      1.5
421.90      1.5
422.00      1.5
422.10      1.5
422.20      1.5
422.30      1.5
422.40      1.5
422.50      1.5
422.60      1.5
422.70      1.5
422.80      1.5
422.90      1.5
423.00      1.5
423.10      1.5
423.20      1.5
423.30      1.5
423.40      1.5
423.50      1.5
423.60      1.5
423.70      1.5
423.80      1.5
423.90      1.5
424.00      1.5
424.10      1.5
424.20      1.5
424.30      1.5
424.40      1.5
424.50      1.5
424.60      1.5
424.70      1.5
424.80      1.5
424.90      1.5
425.00      1.5
425.10      1.5
425.20      1.5
425.30      1.5
425.40      1.5
425.50      1.5
425.60      1.5
425.70      1.5
425.80      1.5
425.90      1.5
426.00      1.5
426.10      1.5
426.20      1.5
426.30      1.5
426.40      1.5
426.50      1.5
426.60      1.5
426.70      1.5
426.80      1.5
426.90      1.5
427.00      1.5
427.10      1.5
427.20      1.5
427.30      1.5
427.40      1.5
427.50      1.5
427.60      1.5
427.70      1.5
427.80      1.5
427.90      1.5
428.00      1.5
428.10      1.5
428.20      1.5
428.30      1.5
428.40      1.5
428.50      1.5
428.60      1.5
428.70      1.5
428.80      1.5
428.90      1.5
429.00      1.5
429.10      1.5
429.20      1.5
429.30      1.5
429.40      1.5
429.50      1.5
429.60      1.5
429.70      1.5
429.80      1.5
429.90      1.5
430.00      1.5
430.10      1.5
430.20      1.5
430.30      1.5
430.40      1.5
430.50      1.5
430.60      1.5
430.70      1.5
430.80      1.5
430.90      1.5
431.00      1.5
431.10      1.5
431.20      1.5
431.30      1.5
431.40      1.5
431.50      1.5
431.60      1.5
431.70      1.5
431.80      1.5
431.90      1.5
432.00      1.5
432.10      1.5
432.20      1.5
432.30      1.5
432.40      1.5
432.50      1.5
432.60      1.5
432.70      1.5
432.80      1.5
432.90      1.5
433.00      1.5
433.10      1.5
433.20      1.5
433.30      1.5
433.40      1.5
433.50      1.5
433.60      1.5
433.70      1.5
433.80      1.5
433.90      1.5
434.00      1.5
434.10      1.5
434.20      1.5
434.30      1.5
434.40      1.5
434.50      1.5
434.60      1.5
434.70      1.5
434.80      1.5
434.90      1.5
435.00      1.5
435.10      1.5
435.20      1.5
435.30      1.5
435.40      1.5
435.50      1.5
435.60      1.5
435.70      1.5
435.80      1.5
435.90      1.5
436.00      1.5
436.10      1.5
436.20      1.5
436.30      1.5
436.40      1.5
436.50      1.5
436.60      1.5
436.70      1.5
436.80      1.5
436.90      1.5
437.00      1.5
437.10      1.5
437.20      1.5
437.30      1.5
437.40      1.5
437.50      1.5
437.60      1.5
437.70      1.5
437.80      1.5
437.90      1.5
438.00      1.5
438.10      1.5
438.20      1.5
438.30      1.5
438.40      1.5
438.50      1.5
438.60      1.5
438.70      1.5
438.80      1.5
438.90      1.5
439.00      1.5
439.10      1.5
439.20      1.5
439.30      1.5
439.40      1.5
439.50      1.5
439.60      1.5
439.70      1.5
439.80      1.5
439.90      1.5
440.00      1.5
440.10      1.5
440.20      1.5
440.30      1.5
440.40      1.5
440.50      1.5
440.60      1.5
440.70      1.5
440.80      1.5
440.90      1.5
441.00      1.5
441.10      1.5
441.20      1.5
441.30      1.5
441.40      1.5
441.50      1.5
441.60      1.5
441.70      1.5
441.80      1.5
441.90      1.5
442.00      1.5
442.10      1.5
442.20      1.5
442.30      1.5
442.40      1.5
442.50      1.5
442.60      1.5
442.70      1.5
442.80      1.5
442.90      1.5
443.00      1.5
443.10      1.5
443.20      1.5
443.30      1.5
443.40      1.5
443.50      1.5
443.60      1.5
443.70      1.5
443.80      1.5
443.90      1.5
444.00      1.5
444.10      1.5
444.20      1.5
444.30      1.5
444.40      1.5
444.50      1.5
444.60      1.5
444.70      1.5
444.80      1.5
444.90      1.5
445.00      1.5
445.10      1.7
445.20      1.5
445.30      1.7
445.40      1.5
445.50      1.7
445.60      1.5
445.70      1.7
445.80      1.5
445.90      1.7
446.00      1.5
446.10      1.7
446.20      1.5
446.30      1.7
446.40      1.5
446.50      1.7
446.60      1.7
446.70      1.7
446.80      1.7
446.90      1.7
447.00      1.7
447.10      1.7
447.20      1.7
447.30      1.7
447.40      1.7
447.50      1.7
447.60      1.7
447.70      1.7
447.80      1.7
447.90      1.7
448.00      1.7
448.10      1.7
448.20      1.7
448.30      1.7
448.40      1.7
448.50      1.7
448.60      1.7
448.70      1.7
448.80      1.7
448.90      1.7
449.00      1.7
449.10      1.7
449.20      1.7
449.30      1.7
449.40      1.7
449.50      1.7
449.60      1.7
449.70      1.7
449.80      1.7
449.90      1.7
450.00      1.7
450.10      1.7
450.20      1.7
450.30      2.0
450.40      1.7
450.50      2.0
450.60      2.0
450.70      2.0
450.80      2.0
450.90      2.0
451.00      2.0
451.10      2.0
451.20      2.0
451.30      2.0
451.40      2.0
451.50      2.0
451.60      2.0
451.70      2.0
451.80      2.0
451.90      2.0
452.00      2.0
452.10      2.0
452.20      2.0
452.30      2.0
452.40      2.0
452.50      2.0
452.60      2.0
452.70      2.0
452.80      2.0
452.90      2.2
453.00      2.2
453.10      2.2
453.20      2.2
453.30      2.2
453.40      2.2
453.50      2.2
453.60      2.2
453.70      2.2
453.80      2.2
453.90      2.2
454.00      2.2
454.10      2.2
454.20      2.2
454.30      2.2
454.40      2.2
454.50      2.2
454.60      2.2
454.70      2.2
454.80      2.2
454.90      2.4
455.00      2.2
455.10      2.4
455.20      2.4
455.30      2.4
455.40      2.4
455.50      2.4
455.60      2.4
455.70      2.4
455.80      2.4
455.90      2.4
456.00      2.4
456.10      2.4
456.20      2.4
456.30      2.4
456.40      2.4
456.50      2.4
456.60      2.4
456.70      2.7
456.80      2.7
456.90      2.7
457.00      2.7
457.10      2.7
457.20      2.7
457.30      2.7
457.40      2.7
457.50      2.7
457.60      2.7
457.70      2.7
457.80      2.7
457.90      2.7
458.00      2.7
458.10      2.9
458.20      2.9
458.30      2.9
458.40      2.9
458.50      2.9
458.60      2.9
458.70      2.9
458.80      2.9
458.90      2.9
459.00      2.9
459.10      3.2
459.20      3.2
459.30      3.2
459.40      3.2
459.50      3.2
459.60      3.2
459.70      3.2
459.80      3.2
459.90      3.2
460.00      3.4
460.10      3.4
460.20      3.4
460.30      3.4
460.40      3.4
460.50      3.4
460.60      3.4
460.70      3.7
460.80      3.7
460.90      3.7
461.00      3.7
461.10      3.7
461.20      3.7
461.30      3.7
461.40      3.7
461.50      3.9
461.60      3.9
461.70      3.9
461.80      3.9
461.90      3.9
462.00      3.9
462.10      4.2
462.20      4.2
462.30      4.2
462.40      4.2
462.50      4.2
462.60      4.2
462.70      4.4
462.80      4.4
462.90      4.4
463.00      4.4
463.10      4.6
463.20      4.6
463.30      4.6
463.40      4.6
463.50      4.6
463.60      4.6
463.70      4.9
463.80      4.9
463.90      4.9
464.00      4.9
464.10      5.1
464.20      5.1
464.30      5.1
464.40      5.1
464.50      5.4
464.60      5.4
464.70      5.4
464.80      5.4
464.90      5.6
465.00      5.6
465.10      5.6
465.20      5.6
465.30      5.9
465.40      5.9
465.50      5.9
465.60      5.9
465.70      6.1
465.80      6.1
465.90      6.1
466.00      6.1
466.10      6.3
466.20      6.3
466.30      6.3
466.40      6.3
466.50      6.6
466.60      6.6
466.70      6.6
466.80      6.8
466.90      6.8
467.00      6.8
467.10      7.1
467.20      7.1
467.30      7.1
467.40      7.3
467.50      7.3
467.60      7.3
467.70      7.6
467.80      7.6
467.90      7.6
468.00      7.8
468.10      7.8
468.20      7.8
468.30      8.1
468.40      8.1
468.50      8.1
468.60      8.3
468.70      8.3
468.80      8.3
468.90      8.5
469.00      8.5
469.10      8.8
469.20      8.8
469.30      8.8
469.40      9.0
469.50      9.0
469.60      9.0
469.70      9.3
469.80      9.3
469.90      9.5
470.00      9.5
470.10      9.5
470.20      9.8
470.30      9.8
470.40      10.0
470.50      10.0
470.60      10.0
470.70      10.3
470.80      10.3
470.90      10.5
471.00      10.5
471.10      10.7
471.20      10.7
471.30      11.0
471.40      11.0
471.50      11.0
471.60      11.2
471.70      11.2
471.80      11.5
471.90      11.5
472.00      11.7
472.10      11.7
472.20      12.0
472.30      12.0
472.40      12.2
472.50      12.2
472.60      12.5
472.70      12.5
472.80      12.7
472.90      12.7
473.00      12.9
473.10      12.9
473.20      13.2
473.30      13.2
473.40      13.4
473.50      13.4
473.60      13.7
473.70      13.9
473.80      13.9
473.90      14.2
474.00      14.2
474.10      14.4
474.20      14.4
474.30      14.7
474.40      14.7
474.50      14.9
474.60      15.1
474.70      15.1
474.80      15.4
474.90      15.6
475.00      15.6
475.10      15.9
475.20      16.1
475.30      16.4
475.40      16.4
475.50      16.6
475.60      16.8
475.70      16.8
475.80      17.1
475.90      17.3
476.00      17.6
476.10      17.8
476.20      17.8
476.30      18.1
476.40      18.3
476.50      18.6
476.60      18.8
476.70      19.0
476.80      19.0
476.90      19.3
477.00      19.5
477.10      19.8
477.20      20.0
477.30      20.3
477.40      20.5
477.50      20.8
477.60      21.0
477.70      21.2
477.80      21.5
477.90      21.7
478.00      22.0
478.10      22.5
478.20      22.7
478.30      23.0
478.40      23.2
478.50      23.4
478.60      23.7
478.70      23.9
478.80      24.2
478.90      24.4
479.00      24.9
479.10      25.2
479.20      25.4
479.30      25.6
479.40      25.9
479.50      26.4
479.60      26.6
479.70      26.9
479.80      27.4
479.90      27.6
480.00      27.8
480.10      28.3
480.20      28.6
480.30      29.1
480.40      29.3
480.50      29.5
480.60      30.0
480.70      30.3
480.80      30.8
480.90      31.0
481.00      31.5
481.10      31.7
481.20      32.2
481.30      32.7
481.40      33.0
481.50      33.5
481.60      33.7
481.70      34.2
481.80      34.4
481.90      34.9
482.00      35.4
482.10      35.7
482.20      36.1
482.30      36.6
482.40      37.1
482.50      37.6
482.60      37.9
482.70      38.3
482.80      38.8
482.90      39.3
483.00      39.8
483.10      40.3
483.20      40.8
483.30      41.3
483.40      41.8
483.50      42.2
483.60      42.7
483.70      43.2
483.80      43.7
483.90      44.2
484.00      44.4
484.10      45.2
484.20      45.4
484.30      45.9
484.40      46.4
484.50      47.1
484.60      47.6
484.70      48.1
484.80      48.6
484.90      49.1
485.00      49.6
485.10      50.3
485.20      50.8
485.30      51.3
485.40      51.8
485.50      52.3
485.60      53.0
485.70      53.5
485.80      54.0
485.90      54.7
486.00      55.2
486.10      55.9
486.20      56.4
486.30      56.9
486.40      57.6
486.50      58.4
486.60      58.9
486.70      59.6
486.80      60.1
486.90      60.8
487.00      61.3
487.10      62.0
487.20      62.8
487.30      63.2
487.40      64.0
487.50      64.7
487.60      65.2
487.70      65.9
487.80      66.7
487.90      67.2
488.00      67.9
488.10      68.6
488.20      69.4
488.30      70.1
488.40      70.8
488.50      71.6
488.60      72.0
488.70      72.8
488.80      73.5
488.90      74.5
489.00      75.0
489.10      75.9
489.20      76.7
489.30      77.4
489.40      78.1
489.50      78.9
489.60      79.9
489.70      80.6
489.80      81.3
489.90      82.3
490.00      83.0
490.10      84.0
490.20      84.7
490.30      85.7
490.40      86.4
490.50      87.4
490.60      88.4
490.70      89.4
490.80      90.4
490.90      91.3
491.00      92.3
491.10      93.3
491.20      94.3
491.30      95.2
491.40      96.2
491.50      97.4
491.60      98.4
491.70      99.4
491.80      100.6
491.90      101.8
492.00      102.8
492.10      104.0
492.20      105.3
492.30      106.5
492.40      107.7
492.50      108.9
492.60      110.4
492.70      111.6
492.80      112.8
492.90      114.3
493.00      115.5
493.10      117.0
493.20      118.2
493.30      119.7
493.40      121.1
493.50      122.6
493.60      123.8
493.70      125.5
493.80      127.0
493.90      128.4
494.00      129.9
494.10      131.6
494.20      133.1
494.30      134.8
494.40      136.3
494.50      138.0
494.60      139.7
494.70      141.4
494.80      143.1
494.90      144.8
495.00      146.5
495.10      148.2
495.20      149.9
495.30      151.9
495.40      153.6
495.50      155.3
495.60      157.3
495.70      159.2
495.80      161.2
495.90      162.9
496.00      164.8
496.10      167.0
496.20      169.0
496.30      170.9
496.40      172.9
496.50      175.1
496.60      177.0
496.70      179.2
496.80      181.4
496.90      183.4
497.00      185.6
497.10      187.8
497.20      190.0
497.30      192.2
497.40      194.4
497.50      196.8
497.60      198.8
497.70      201.2
497.80      203.4
497.90      205.9
498.00      208.1
498.10      210.5
498.20      212.9
498.30      215.6
498.40      218.1
498.50      220.5
498.60      223.2
498.70      225.4
498.80      227.8
498.90      230.3
499.00      233.0
499.10      235.7
499.20      238.3
499.30      240.8
499.40      243.5
499.50      245.9
499.60      248.4
499.70      251.0
499.80      253.7
499.90      256.9
500.00      259.3
500.10      262.3
500.20      264.7
500.30      267.4
500.40      270.1
500.50      272.8
500.60      275.7
500.70      278.4
500.80      281.1
500.90      284.0
501.00      286.7
501.10      289.6
501.20      292.3
501.30      295.2
501.40      297.9
501.50      300.9
501.60      303.5
501.70      306.7
501.80      309.6
501.90      312.3
502.00      315.3
502.10      318.4
502.20      321.4
502.30      324.5
502.40      327.5
502.50      330.6
502.60      333.8
502.70      336.8
502.80      339.9
502.90      343.1
503.00      346.0
503.10      349.0
503.20      352.1
503.30      355.3
503.40      358.5
503.50      361.4
503.60      364.6
503.70      367.8
503.80      370.7
503.90      373.6
504.00      377.0
504.10      380.2
504.20      383.2
504.30      386.3
504.40      389.5
504.50      392.7
504.60      395.8
504.70      399.3
504.80      402.4
504.90      405.9
505.00      409.0
505.10      412.5
505.20      415.9
505.30      419.0
505.40      422.2
505.50      425.6
505.60      429.3
505.70      432.5
505.80      435.9
505.90      439.3
506.00      443.0
506.10      446.4
506.20      449.8
506.30      453.7
506.40      457.4
506.50      461.1
506.60      464.7
506.70      468.4
506.80      472.3
506.90      475.7
507.00      479.6
507.10      483.5
507.20      487.4
507.30      491.1
507.40      495.2
507.50      499.1
507.60      503.1
507.70      507.0
507.80      511.4
507.90      515.8
508.00      519.7
508.10      523.8
508.20      528.2
508.30      532.6
508.40      536.8
508.50      540.9
508.60      545.5
508.70      549.9
508.80      554.1
508.90      558.5
509.00      563.1
509.10      567.3
509.20      571.7
509.30      576.1
509.40      580.5
509.50      584.9
509.60      589.0
509.70      593.7
509.80      598.3
509.90      602.7
510.00      606.8
510.10      611.5
510.20      616.1
510.30      620.3
510.40      624.7
510.50      629.3
510.60      633.7
510.70      637.9
510.80      642.2
510.90      646.6
511.00      651.3
511.10      655.2
511.20      659.6
511.30      664.0
511.40      668.4
511.50      672.3
511.60      676.7
511.70      681.1
511.80      685.2
511.90      689.1
512.00      693.3
512.10      697.7
512.20      701.6
512.30      705.5
512.40      709.6
512.50      713.8
512.60      717.5
512.70      721.4
512.80      725.3
512.90      729.2
513.00      732.8
513.10      736.5
513.20      740.4
513.30      744.1
513.40      747.5
513.50      751.4
513.60      754.8
513.70      758.5
513.80      761.4
513.90      764.8
514.00      768.5
514.10      771.4
514.20      774.6
514.30      778.3
514.40      781.2
514.50      784.1
514.60      786.8
514.70      790.0
514.80      792.7
514.90      795.4
515.00      797.8
515.10      800.7
515.20      803.2
515.30      805.4
515.40      807.8
515.50      810.0
515.60      812.2
515.70      813.9
515.80      816.1
515.90      818.6
516.00      820.5
516.10      822.2
516.20      824.2
516.30      825.9
516.40      827.6
516.50      829.1
516.60      830.8
516.70      832.5
516.80      833.7
516.90      834.9
517.00      836.6
517.10      837.9
517.20      838.8
517.30      839.8
517.40      841.3
517.50      842.2
517.60      843.0
517.70      844.0
517.80      845.2
517.90      845.7
518.00      846.4
518.10      847.1
518.20      848.1
518.30      848.4
518.40      848.8
518.50      849.3
518.60      850.1
518.70      850.1
518.80      850.3
518.90      850.5
519.00      851.0
519.10      850.8
519.20      850.8
519.30      851.0
519.40      851.0
519.50      850.8
519.60      850.8
519.70      850.8
519.80      850.3
519.90      849.8
520.00      849.6
520.10      849.3
520.20      848.8
520.30      848.1
520.40      847.9
520.50      847.4
520.60      846.6
520.70      845.7
520.80      845.2
520.90      844.4
521.00      843.5
521.10      842.5
521.20      842.0
521.30      841.0
521.40      839.8
521.50      838.6
521.60      837.9
521.70      836.6
521.80      835.2
521.90      833.9
522.00      833.2
522.10      831.5
522.20      830.0
522.30      828.8
522.40      827.6
522.50      825.9
522.60      824.2
522.70      822.7
522.80      821.2
522.90      819.3
523.00      817.6
523.10      815.9
523.20      814.2
523.30      812.0
523.40      810.0
523.50      808.1
523.60      806.1
523.70      803.7
523.80      801.5
523.90      799.5
524.00      797.1
524.10      794.4
524.20      792.2
524.30      789.7
524.40      787.1
524.50      784.1
524.60      781.7
524.70      779.2
524.80      776.3
524.90      773.4
525.00      770.7
525.10      768.0
525.20      765.1
525.30      761.9
525.40      759.2
525.50      756.0
525.60      752.9
525.70      749.7
525.80      747.0
525.90      743.8
526.00      740.4
526.10      737.2
526.20      734.3
526.30      730.9
526.40      727.5
526.50      724.1
526.60      721.1
526.70      717.5
526.80      714.0
526.90      710.6
527.00      707.4
527.10      703.8
527.20      700.1
527.30      696.9
527.40      693.5
527.50      689.9
527.60      686.2
527.70      682.8
527.80      679.4
527.90      675.5
528.00      672.0
528.10      668.4
528.20      665.0
528.30      661.3
528.40      657.9
528.50      654.5
528.60      651.0
528.70      647.1
528.80      644.0
528.90      640.5
529.00      636.9
529.10      633.0
529.20      629.8
529.30      626.1
529.40      622.5
529.50      618.6
529.60      615.4
529.70      611.5
529.80      608.1
529.90      604.6
530.00      601.2
530.10      597.6
530.20      593.7
530.30      589.7
530.40      586.8
530.50      583.2
530.60      579.7
530.70      576.3
530.80      573.4
530.90      569.7
531.00      566.5
531.10      563.4
531.20      560.4
531.30      557.3
531.40      554.1
531.50      551.4
531.60      548.5
531.70      545.1
531.80      542.1
531.90      538.7
532.00      535.8
532.10      532.4
532.20      529.7
532.30      526.7
532.40      523.8
532.50      520.6
532.60      517.7
532.70      514.8
532.80      511.8
532.90      508.9
533.00      506.2
533.10      503.3
533.20      500.6
533.30      497.7
533.40      495.0
533.50      492.3
533.60      489.6
533.70      486.7
533.80      484.2
533.90      481.6
534.00      478.9
534.10      476.2
534.20      473.7
534.30      471.1
534.40      468.4
534.50      465.7
534.60      463.2
534.70      460.8
534.80      458.1
534.90      455.7
535.00      453.2
535.10      450.5
535.20      448.1
535.30      445.7
535.40      443.2
535.50      440.8
535.60      438.3
535.70      435.9
535.80      433.7
535.90      431.3
536.00      428.8
536.10      426.6
536.20      424.4
536.30      422.2
536.40      420.0
536.50      417.8
536.60      415.6
536.70      413.4
536.80      411.2
536.90      409.3
537.00      407.1
537.10      404.9
537.20      402.9
537.30      400.7
537.40      398.5
537.50      396.3
537.60      394.6
537.70      392.4
537.80      390.2
537.90      388.0
538.00      386.1
538.10      384.1
538.20      381.9
538.30      379.7
538.40      377.8
538.50      375.6
538.60      373.4
538.70      371.4
538.80      369.5
538.90      367.3
539.00      365.1
539.10      363.1
539.20      360.9
539.30      358.7
539.40      356.8
539.50      354.6
539.60      352.6
539.70      350.2
539.80      348.2
539.90      346.0
540.00      343.8
540.10      341.6
540.20      339.4
540.30      337.5
540.40      335.0
540.50      332.8
540.60      330.6
540.70      328.7
540.80      326.5
540.90      324.1
541.00      322.1
541.10      319.9
541.20      317.7
541.30      315.5
541.40      313.6
541.50      311.6
541.60      309.4
541.70      307.2
541.80      305.3
541.90      303.3
542.00      301.1
542.10      298.9
542.20      297.2
542.30      295.0
542.40      293.0
542.50      290.8
542.60      288.9
542.70      286.9
542.80      285.0
542.90      283.0
543.00      281.1
543.10      278.9
543.20      276.9
543.30      275.0
543.40      273.0
543.50      271.1
543.60      269.1
543.70      267.2
543.80      265.2
543.90      263.2
544.00      261.3
544.10      259.6
544.20      257.6
544.30      255.7
544.40      254.0
544.50      252.3
544.60      250.5
544.70      248.6
544.80      246.9
544.90      245.2
545.00      243.2
545.10      241.5
545.20      239.8
545.30      238.1
545.40      236.1
545.50      234.2
545.60      232.7
545.70      230.8
545.80      229.1
545.90      227.4
546.00      225.9
546.10      223.9
546.20      222.2
546.30      220.5
546.40      218.8
546.50      217.1
546.60      215.4
546.70      213.9
546.80      212.5
546.90      210.7
547.00      209.3
547.10      207.8
547.20      206.3
547.30      204.9
547.40      203.4
547.50      202.2
547.60      200.7
547.70      199.3
547.80      198.0
547.90      196.3
548.00      195.1
548.10      193.4
548.20      192.2
548.30      191.0
548.40      189.5
548.50      188.3
548.60      186.8
548.70      185.6
548.80      184.1
548.90      182.9
549.00      181.7
549.10      180.5
549.20      179.0
549.30      177.8
549.40      176.6
549.50      175.3
549.60      174.1
549.70      172.9
549.80      171.7
549.90      170.5
550.00      169.2
550.10      168.3
550.20      167.0
550.30      165.8
550.40      164.8
550.50      163.6
550.60      162.4
550.70      161.4
550.80      160.2
550.90      159.2
551.00      158.0
551.10      157.0
551.20      155.8
551.30      154.8
551.40      153.8
551.50      152.6
551.60      151.6
551.70      150.7
551.80      149.7
551.90      148.5
552.00      147.5
552.10      146.5
552.20      145.5
552.30      144.6
552.40      143.6
552.50      142.9
552.60      141.9
552.70      140.9
552.80      139.9
552.90      138.9
553.00      138.2
553.10      137.2
553.20      136.3
553.30      135.5
553.40      134.6
553.50      133.6
553.60      132.8
553.70      131.9
553.80      130.9
553.90      130.2
554.00      129.2
554.10      128.4
554.20      127.5
554.30      126.5
554.40      125.8
554.50      124.8
554.60      123.8
554.70      123.1
554.80      122.1
554.90      121.4
555.00      120.4
555.10      119.7
555.20      118.9
555.30      117.9
555.40      117.0
555.50      116.2
555.60      115.5
555.70      114.5
555.80      113.8
555.90      112.8
556.00      112.1
556.10      111.1
556.20      110.4
556.30      109.4
556.40      108.7
556.50      107.9
556.60      107.0
556.70      106.2
556.80      105.3
556.90      104.5
557.00      103.5
557.10      102.8
557.20      102.1
557.30      101.3
557.40      100.4
557.50      99.6
557.60      98.9
557.70      98.2
557.80      97.4
557.90      96.7
558.00      95.7
558.10      95.0
558.20      94.3
558.30      93.8
558.40      93.0
558.50      92.3
558.60      91.6
558.70      90.8
558.80      90.1
558.90      89.4
559.00      88.6
559.10      87.9
559.20      87.2
559.30      86.4
559.40      86.0
559.50      85.2
559.60      84.5
559.70      83.8
559.80      83.0
559.90      82.5
560.00      81.8
560.10      81.3
560.20      80.6
560.30      79.9
560.40      79.4
560.50      78.6
560.60      78.1
560.70      77.4
560.80      76.9
560.90      76.4
561.00      75.7
561.10      75.2
561.20      74.5
561.30      74.0
561.40      73.5
561.50      72.8
561.60      72.3
561.70      71.8
561.80      71.1
561.90      70.6
562.00      70.1
562.10      69.6
562.20      69.1
562.30      68.4
562.40      67.9
562.50      67.4
562.60      66.9
562.70      66.4
562.80      65.7
562.90      65.2
563.00      64.7
563.10      64.5
563.20      63.7
563.30      63.5
563.40      63.0
563.50      62.5
563.60      62.0
563.70      61.8
563.80      61.3
563.90      60.8
564.00      60.3
564.10      59.8
564.20      59.6
564.30      59.1
564.40      58.6
564.50      58.4
564.60      57.9
564.70      57.4
564.80      57.1
564.90      56.7
565.00      56.2
565.10      55.9
565.20      55.4
565.30      55.2
565.40      54.7
565.50      54.5
565.60      54.0
565.70      53.7
565.80      53.2
565.90      53.0
566.00      52.5
566.10      52.3
566.20      51.8
566.30      51.5
566.40      51.0
566.50      50.8
566.60      50.5
566.70      50.1
566.80      49.8
566.90      49.6
567.00      49.1
567.10      48.8
567.20      48.6
567.30      48.4
567.40      47.9
567.50      47.6
567.60      47.4
567.70      46.9
567.80      46.6
567.90      46.4
568.00      45.9
568.10      45.7
568.20      45.4
568.30      45.2
568.40      44.9
568.50      44.7
568.60      44.2
568.70      44.0
568.80      43.7
568.90      43.5
569.00      43.2
569.10      43.0
569.20      42.7
569.30      42.5
569.40      42.0
569.50      41.8
569.60      41.5
569.70      41.3
569.80      41.0
569.90      40.8
570.00      40.5
570.10      40.3
570.20      40.0
570.30      39.8
570.40      39.3
570.50      39.1
570.60      38.8
570.70      38.6
570.80      38.3
570.90      38.1
571.00      37.9
571.10      37.6
571.20      37.4
571.30      37.1
571.40      36.9
571.50      36.6
571.60      36.4
571.70      36.1
571.80      35.7
571.90      35.4
572.00      35.2
572.10      34.9
572.20      34.7
572.30      34.4
572.40      34.2
572.50      33.9
572.60      33.7
572.70      33.5
572.80      33.2
572.90      33.0
573.00      32.7
573.10      32.5
573.20      32.2
573.30      32.0
573.40      31.7
573.50      31.5
573.60      31.0
573.70      30.8
573.80      30.8
573.90      30.5
574.00      30.3
574.10      30.0
574.20      29.8
574.30      29.5
574.40      29.3
574.50      29.1
574.60      28.8
574.70      28.6
574.80      28.3
574.90      28.3
575.00      28.1
575.10      27.8
575.20      27.6
575.30      27.4
575.40      27.1
575.50      26.9
575.60      26.6
575.70      26.4
575.80      26.1
575.90      26.1
576.00      25.9
576.10      25.6
576.20      25.4
576.30      25.4
576.40      25.2
576.50      24.9
576.60      24.7
576.70      24.4
576.80      24.4
576.90      24.2
577.00      23.9
577.10      23.7
577.20      23.7
577.30      23.4
577.40      23.2
577.50      23.0
577.60      23.0
577.70      22.7
577.80      22.5
577.90      22.5
578.00      22.2
578.10      22.0
578.20      21.7
578.30      21.7
578.40      21.5
578.50      21.2
578.60      21.2
578.70      21.0
578.80      20.8
578.90      20.8
579.00      20.5
579.10      20.3
579.20      20.3
579.30      20.0
579.40      20.0
579.50      19.8
579.60      19.5
579.70      19.5
579.80      19.3
579.90      19.3
580.00      19.0
580.10      19.0
580.20      18.8
580.30      18.8
580.40      18.6
580.50      18.6
580.60      18.3
580.70      18.3
580.80      18.1
580.90      18.1
581.00      17.8
581.10      17.8
581.20      17.6
581.30      17.6
581.40      17.3
581.50      17.3
581.60      17.1
581.70      17.1
581.80      16.8
581.90      16.8
582.00      16.6
582.10      16.6
582.20      16.4
582.30      16.4
582.40      16.4
582.50      16.1
582.60      16.1
582.70      15.9
582.80      15.9
582.90      15.9
583.00      15.6
583.10      15.6
583.20      15.4
583.30      15.4
583.40      15.1
583.50      15.1
583.60      15.1
583.70      14.9
583.80      14.9
583.90      14.9
584.00      14.7
584.10      14.7
584.20      14.4
584.30      14.4
584.40      14.4
584.50      14.2
584.60      14.2
584.70      14.2
584.80      13.9
584.90      13.9
585.00      13.9
585.10      13.7
585.20      13.7
585.30      13.7
585.40      13.4
585.50      13.4
585.60      13.4
585.70      13.2
585.80      13.2
585.90      13.2
586.00      12.9
586.10      12.9
586.20      12.9
586.30      12.7
586.40      12.7
586.50      12.7
586.60      12.5
586.70      12.5
586.80      12.5
586.90      12.5
587.00      12.2
587.10      12.2
587.20      12.0
587.30      12.0
587.40      12.0
587.50      12.0
587.60      11.7
587.70      11.7
587.80      11.5
587.90      11.5
588.00      11.5
588.10      11.5
588.20      11.2
588.30      11.2
588.40      11.2
588.50      11.0
588.60      11.0
588.70      11.0
588.80      10.7
588.90      10.7
589.00      10.7
589.10      10.7
589.20      10.5
589.30      10.5
589.40      10.5
589.50      10.3
589.60      10.3
589.70      10.3
589.80      10.3
589.90      10.0
590.00      10.0
590.10      10.0
590.20      9.8
590.30      9.8
590.40      9.8
590.50      9.8
590.60      9.5
590.70      9.5
590.80      9.5
590.90      9.5
591.00      9.3
591.10      9.3
591.20      9.3
591.30      9.3
591.40      9.0
591.50      9.0
591.60      9.0
591.70      9.0
591.80      8.8
591.90      8.8
592.00      8.8
592.10      8.8
592.20      8.5
592.30      8.5
592.40      8.5
592.50      8.5
592.60      8.3
592.70      8.3
592.80      8.3
592.90      8.3
593.00      8.3
593.10      8.1
593.20      8.1
593.30      8.1
593.40      8.1
593.50      8.1
593.60      7.8
593.70      7.8
593.80      7.8
593.90      7.8
594.00      7.6
594.10      7.6
594.20      7.6
594.30      7.6
594.40      7.3
594.50      7.3
594.60      7.3
594.70      7.3
594.80      7.3
594.90      7.3
595.00      7.1
595.10      7.1
595.20      7.1
595.30      7.1
595.40      7.1
595.50      7.1
595.60      6.8
595.70      6.8
595.80      6.8
595.90      6.8
596.00      6.8
596.10      6.8
596.20      6.6
596.30      6.6
596.40      6.6
596.50      6.6
596.60      6.6
596.70      6.6
596.80      6.3
596.90      6.3
597.00      6.3
597.10      6.3
597.20      6.3
597.30      6.3
597.40      6.3
597.50      6.3
597.60      6.1
597.70      6.1
597.80      6.1
597.90      6.1
598.00      6.1
598.10      6.1
598.20      6.1
598.30      6.1
598.40      5.9
598.50      5.9
598.60      5.9
598.70      5.9
598.80      5.9
598.90      5.9
599.00      5.9
599.10      5.9
599.20      5.6
599.30      5.6
599.40      5.6
599.50      5.6
599.60      5.6
599.70      5.6
599.80      5.6
599.90      5.6
600.00      5.4
600.10      5.4
600.20      5.4
600.30      5.4
600.40      5.4
600.50      5.4
600.60      5.4
600.70      5.4
600.80      5.4
600.90      5.4
601.00      5.1
601.10      5.1
601.20      5.1
601.30      5.1
601.40      5.1
601.50      5.1
601.60      5.1
601.70      5.1
601.80      4.9
601.90      4.9
602.00      4.9
602.10      4.9
602.20      4.9
602.30      4.9
602.40      4.9
602.50      4.9
602.60      4.9
602.70      4.9
602.80      4.9
602.90      4.9
603.00      4.6
603.10      4.6
603.20      4.6
603.30      4.6
603.40      4.6
603.50      4.6
603.60      4.6
603.70      4.6
603.80      4.6
603.90      4.6
604.00      4.4
604.10      4.4
604.20      4.4
604.30      4.4
604.40      4.4
604.50      4.4
604.60      4.4
604.70      4.4
604.80      4.4
604.90      4.4
605.00      4.2
605.10      4.2
605.20      4.2
605.30      4.2
605.40      4.2
605.50      4.2
605.60      4.2
605.70      4.2
605.80      4.2
605.90      4.2
606.00      4.2
606.10      4.2
606.20      3.9
606.30      3.9
606.40      3.9
606.50      3.9
606.60      3.9
606.70      3.9
606.80      3.9
606.90      3.9
607.00      3.9
607.10      3.9
607.20      3.9
607.30      3.9
607.40      3.7
607.50      3.7
607.60      3.7
607.70      3.7
607.80      3.7
607.90      3.7
608.00      3.7
608.10      3.7
608.20      3.7
608.30      3.7
608.40      3.7
608.50      3.7
608.60      3.7
608.70      3.7
608.80      3.4
608.90      3.4
609.00      3.4
609.10      3.4
609.20      3.4
609.30      3.4
609.40      3.4
609.50      3.4
609.60      3.4
609.70      3.4
609.80      3.4
609.90      3.4
610.00      3.4
610.10      3.4
610.20      3.2
610.30      3.4
610.40      3.2
610.50      3.2
610.60      3.2
610.70      3.2
610.80      3.2
610.90      3.2
611.00      3.2
611.10      3.2
611.20      3.2
611.30      3.2
611.40      3.2
611.50      3.2
611.60      3.2
611.70      3.2
611.80      3.2
611.90      3.2
612.00      2.9
612.10      3.2
612.20      2.9
612.30      2.9
612.40      2.9
612.50      2.9
612.60      2.9
612.70      2.9
612.80      2.9
612.90      2.9
613.00      2.9
613.10      2.9
613.20      2.9
613.30      2.9
613.40      2.9
613.50      2.9
613.60      2.9
613.70      2.9
613.80      2.9
613.90      2.9
614.00      2.9
614.10      2.9
614.20      2.9
614.30      2.9
614.40      2.7
614.50      2.9
614.60      2.7
614.70      2.7
614.80      2.7
614.90      2.7
615.00      2.7
615.10      2.7
615.20      2.7
615.30      2.7
615.40      2.7
615.50      2.7
615.60      2.7
615.70      2.7
615.80      2.7
615.90      2.7
616.00      2.7
616.10      2.7
616.20      2.7
616.30      2.7
616.40      2.7
616.50      2.7
616.60      2.7
616.70      2.7
616.80      2.7
616.90      2.7
617.00      2.7
617.10      2.7
617.20      2.4
617.30      2.7
617.40      2.4
617.50      2.7
617.60      2.4
617.70      2.4
617.80      2.4
617.90      2.4
618.00      2.4
618.10      2.4
618.20      2.4
618.30      2.4
618.40      2.4
618.50      2.4
618.60      2.4
618.70      2.4
618.80      2.4
618.90      2.4
619.00      2.4
619.10      2.4
619.20      2.4
619.30      2.4
619.40      2.4
619.50      2.4
619.60      2.4
619.70      2.4
619.80      2.4
619.90      2.4
620.00      2.4
620.10      2.4
620.20      2.4
620.30      2.4
620.40      2.4
620.50      2.4
620.60      2.4
620.70      2.4
620.80      2.2
620.90      2.4
621.00      2.2
621.10      2.2
621.20      2.2
621.30      2.2
621.40      2.2
621.50      2.2
621.60      2.2
621.70      2.2
621.80      2.2
621.90      2.2
622.00      2.2
622.10      2.2
622.20      2.2
622.30      2.2
622.40      2.2
622.50      2.2
622.60      2.2
622.70      2.2
622.80      2.2
622.90      2.2
623.00      2.2
623.10      2.2
623.20      2.2
623.30      2.2
623.40      2.2
623.50      2.2
623.60      2.2
623.70      2.2
623.80      2.2
623.90      2.2
624.00      2.2
624.10      2.2
624.20      2.2
624.30      2.2
624.40      2.2
624.50      2.2
624.60      2.2
624.70      2.2
624.80      2.0
624.90      2.2
625.00      2.0
625.10      2.2
625.20      2.0
625.30      2.2
625.40      2.0
625.50      2.0
625.60      2.0
625.70      2.0
625.80      2.0
625.90      2.0
626.00      2.0
626.10      2.0
626.20      2.0
626.30      2.0
626.40      2.0
626.50      2.0
626.60      2.0
626.70      2.0
626.80      2.0
626.90      2.0
627.00      2.0
627.10      2.0
627.20      2.0
627.30      2.0
627.40      2.0
627.50      2.0
627.60      2.0
627.70      2.0
627.80      2.0
627.90      2.0
628.00      2.0
628.10      2.0
628.20      2.0
628.30      2.0
628.40      2.0
628.50      2.0
628.60      2.0
628.70      2.0
628.80      2.0
628.90      2.0
629.00      2.0
629.10      2.0
629.20      2.0
629.30      2.0
629.40      2.0
629.50      2.0
629.60      2.0
629.70      2.0
629.80      2.0
629.90      2.0
630.00      2.0
630.10      2.0
630.20      2.0
630.30      2.0
630.40      2.0
630.50      2.0
630.60      2.0
630.70      2.0
630.80      2.0
630.90      2.0
631.00      1.7
631.10      2.0
631.20      1.7
631.30      2.0
631.40      1.7
631.50      2.0
631.60      1.7
631.70      2.0
631.80      1.7
631.90      2.0
632.00      1.7
632.10      2.0
632.20      1.7
632.30      2.0
632.40      1.7
632.50      1.7
632.60      1.7
632.70      1.7
632.80      1.7
632.90      1.7
633.00      1.7
633.10      1.7
633.20      1.7
633.30      1.7
633.40      1.7
633.50      1.7
633.60      1.7
633.70      1.7
633.80      1.7
633.90      1.7
634.00      1.7
634.10      1.7
634.20      1.7
634.30      1.7
634.40      1.7
634.50      1.7
634.60      1.7
634.70      1.7
634.80      1.7
634.90      1.7
635.00      1.7
635.10      1.7
635.20      1.7
635.30      1.7
635.40      1.7
635.50      1.7
635.60      1.7
635.70      1.7
635.80      1.7
635.90      1.7
636.00      1.7
636.10      1.7
636.20      1.7
636.30      1.7
636.40      1.7
636.50      1.7
636.60      1.7
636.70      1.7
636.80      1.7
636.90      1.7
637.00      1.7
637.10      1.7
637.20      1.7
637.30      1.7
637.40      1.7
637.50      1.7
637.60      1.7
637.70      1.7
637.80      1.7
637.90      1.7
638.00      1.7
638.10      1.7
638.20      1.7
638.30      1.7
638.40      1.7
638.50      1.7
638.60      1.7
638.70      1.7
638.80      1.7
638.90      1.7
639.00      1.7
639.10      1.7
639.20      1.7
639.30      1.7
639.40      1.7
639.50      1.7
639.60      1.7
639.70      1.7
639.80      1.7
639.90      1.7
640.00      1.7
640.10      1.7
640.20      1.7
640.30      1.7
640.40      1.7
640.50      1.7
640.60      1.7
640.70      1.7
640.80      1.7
640.90      1.7
641.00      1.7
641.10      1.7
641.20      1.7
641.30      1.7
641.40      1.5
641.50      1.7
641.60      1.7
641.70      1.7
641.80      1.5
641.90      1.7
642.00      1.5
642.10      1.7
642.20      1.5
642.30      1.7
642.40      1.5
642.50      1.7
642.60      1.5
642.70      1.7
642.80      1.5
642.90      1.5
643.00      1.5
643.10      1.5
643.20      1.5
643.30      1.7
643.40      1.5
643.50      1.7
643.60      1.5
643.70      1.5
643.80      1.5
643.90      1.5
644.00      1.5
644.10      1.5
644.20      1.5
644.30      1.5
644.40      1.5
644.50      1.5
644.60      1.5
644.70      1.5
644.80      1.5
644.90      1.5
645.00      1.5
645.10      1.5
645.20      1.5
645.30      1.5
645.40      1.5
645.50      1.5
645.60      1.5
645.70      1.5
645.80      1.5
645.90      1.5
646.00      1.5
646.10      1.5
646.20      1.5
646.30      1.5
646.40      1.5
646.50      1.5
646.60      1.5
646.70      1.5
646.80      1.5
646.90      1.5
647.00      1.5
647.10      1.5
647.20      1.5
647.30      1.5
647.40      1.5
647.50      1.5
647.60      1.5
647.70      1.5
647.80      1.5
647.90      1.5
648.00      1.5
648.10      1.5
648.20      1.5
648.30      1.5
648.40      1.5
648.50      1.5
648.60      1.5
648.70      1.5
648.80      1.5
648.90      1.5
649.00      1.5
649.10      1.5
649.20      1.5
649.30      1.5
649.40      1.5
649.50      1.5
649.60      1.5
649.70      1.5
649.80      1.5
649.90      1.5
650.00      1.5
650.10      1.5
650.20      1.5
650.30      1.5
650.40      1.5
650.50      1.5
650.60      1.5
650.70      1.5
650.80      1.5
650.90      1.5
651.00      1.5
651.10      1.5
651.20      1.5
651.30      1.5
651.40      1.5
651.50      1.5
651.60      1.5
651.70      1.5
651.80      1.5
651.90      1.5
652.00      1.5
652.10      1.5
652.20      1.5
652.30      1.5
652.40      1.5
652.50      1.5
652.60      1.5
652.70      1.5
652.80      1.5
652.90      1.5
653.00      1.5
653.10      1.5
653.20      1.5
653.30      1.5
653.40      1.5
653.50      1.5
653.60      1.5
653.70      1.5
653.80      1.5
653.90      1.5
654.00      1.5
654.10      1.5
654.20      1.5
654.30      1.5
654.40      1.5
654.50      1.5
654.60      1.5
654.70      1.5
654.80      1.5
654.90      1.5
655.00      1.5
655.10      1.5
655.20      1.5
655.30      1.5
655.40      1.5
655.50      1.5
655.60      1.5
655.70      1.5
655.80      1.5
655.90      1.5
656.00      1.5
656.10      1.5
656.20      1.5
656.30      1.5
656.40      1.5
656.50      1.5
656.60      1.5
656.70      1.5
656.80      1.5
656.90      1.5
657.00      1.5
657.10      1.5
657.20      1.5
657.30      1.5
657.40      1.5
657.50      1.5
657.60      1.5
657.70      1.5
657.80      1.5
657.90      1.5
658.00      1.5
658.10      1.5
658.20      1.5
658.30      1.5
658.40      1.5
658.50      1.5
658.60      1.5
658.70      1.5
658.80      1.5
658.90      1.5
659.00      1.5
659.10      1.5
659.20      1.5
659.30      1.5
659.40      1.5
659.50      1.5
659.60      1.5
659.70      1.5
659.80      1.5
659.90      1.5
660.00      1.5
660.10      1.5
660.20      1.5
660.30      1.5
660.40      1.5
660.50      1.5
660.60      1.5
660.70      1.5
660.80      1.5
660.90      1.5
661.00      1.5
661.10      1.5
661.20      1.5
661.30      1.5
661.40      1.5
661.50      1.5
661.60      1.5
661.70      1.5
661.80      1.5
661.90      1.5
662.00      1.5
662.10      1.5
662.20      1.5
662.30      1.5
662.40      1.5
662.50      1.5
662.60      1.5
662.70      1.5
662.80      1.5
662.90      1.5
663.00      1.5
663.10      1.5
663.20      1.5
663.30      1.5
663.40      1.5
663.50      1.5
663.60      1.5
663.70      1.5
663.80      1.5
663.90      1.5
664.00      1.5
664.10      1.5
664.20      1.5
664.30      1.5
664.40      1.5
664.50      1.5
664.60      1.5
664.70      1.5
664.80      1.5
664.90      1.5
665.00      1.5
665.10      1.5
665.20      1.5
665.30      1.5
665.40      1.5
665.50      1.5
665.60      1.5
665.70      1.5
665.80      1.5
665.90      1.5
666.00      1.5
666.10      1.5
666.20      1.5
666.30      1.5
666.40      1.5
666.50      1.5
666.60      1.5
666.70      1.5
666.80      1.5
666.90      1.5
667.00      1.5
667.10      1.5
667.20      1.5
667.30      1.5
667.40      1.5
667.50      1.5
667.60      1.5
667.70      1.5
667.80      1.5
667.90      1.5
668.00      1.5
668.10      1.5
668.20      1.2
668.30      1.5
668.40      1.5
668.50      1.5
668.60      1.5
668.70      1.5
668.80      1.5
668.90      1.5
669.00      1.2
669.10      1.5
669.20      1.5
669.30      1.5
669.40      1.5
669.50      1.5
669.60      1.5
669.70      1.5
669.80      1.2
669.90      1.5
670.00      1.5
670.10      1.5
670.20      1.5
670.30      1.5
670.40      1.2
670.50      1.5
670.60      1.2
670.70      1.5
670.80      1.5
670.90      1.5
671.00      1.5
671.10      1.5
671.20      1.5
671.30      1.5
671.40      1.2
671.50      1.5
671.60      1.5
671.70      1.5
671.80      1.5
671.90      1.5
672.00      1.2
672.10      1.5
672.20      1.2
672.30      1.5
672.40      1.5
672.50      1.5
672.60      1.5
672.70      1.5
672.80      1.2
672.90      1.5
673.00      1.2
673.10      1.5
673.20      1.2
673.30      1.5
673.40      1.2
673.50      1.5
673.60      1.2
673.70      1.5
673.80      1.2
673.90      1.5
674.00      1.5
674.10      1.5
674.20      1.5
674.30      1.5
674.40      1.2
674.50      1.5
674.60      1.2
674.70      1.5
674.80      1.2
674.90      1.5
675.00      1.2
675.10      1.5
675.20      1.2
675.30      1.5
675.40      1.2
675.50      1.5
675.60      1.2
675.70      1.5
675.80      1.2
675.90      1.5
676.00      1.2
676.10      1.5
676.20      1.2
676.30      1.5
676.40      1.2
676.50      1.5
676.60      1.2
676.70      1.5
676.80      1.2
676.90      1.5
677.00      1.2
677.10      1.5
677.20      1.2
677.30      1.5
677.40      1.2
677.50      1.5
677.60      1.2
677.70      1.5
677.80      1.2
677.90      1.5
678.00      1.2
678.10      1.5
678.20      1.2
678.30      1.5
678.40      1.2
678.50      1.5
678.60      1.2
678.70      1.5
678.80      1.2
678.90      1.5
679.00      1.2
679.10      1.5
679.20      1.2
679.30      1.5
679.40      1.2
679.50      1.5
679.60      1.2
679.70      1.5
679.80      1.2
679.90      1.5
680.00      1.2
680.10      1.5
680.20      1.2
680.30      1.5
680.40      1.2
680.50      1.5
680.60      1.2
680.70      1.5
680.80      1.2
680.90      1.5
681.00      1.2
681.10      1.5
681.20      1.2
681.30      1.5
681.40      1.2
681.50      1.2
681.60      1.2
681.70      1.5
681.80      1.2
681.90      1.5
682.00      1.2
682.10      1.5
682.20      1.2
682.30      1.2
682.40      1.2
682.50      1.2
682.60      1.2
682.70      1.5
682.80      1.2
682.90      1.5
683.00      1.2
683.10      1.2
683.20      1.2
683.30      1.5
683.40      1.2
683.50      1.5
683.60      1.2
683.70      1.5
683.80      1.2
683.90      1.5
684.00      1.2
684.10      1.5
684.20      1.2
684.30      1.5
684.40      1.2
684.50      1.5
684.60      1.2
684.70      1.2
684.80      1.2
684.90      1.5
685.00      1.2
685.10      1.5
685.20      1.2
685.30      1.2
685.40      1.2
685.50      1.2
685.60      1.2
685.70      1.5
685.80      1.2
685.90      1.5
686.00      1.2
686.10      1.5
686.20      1.2
686.30      1.2
686.40      1.2
686.50      1.5
686.60      1.2
686.70      1.5
686.80      1.2
686.90      1.2
687.00      1.2
687.10      1.2
687.20      1.2
687.30      1.5
687.40      1.2
687.50      1.5
687.60      1.2
687.70      1.2
687.80      1.2
687.90      1.2
688.00      1.2
688.10      1.5
688.20      1.2
688.30      1.5
688.40      1.2
688.50      1.2
688.60      1.2
688.70      1.2
688.80      1.2
688.90      1.5
689.00      1.2
689.10      1.5
689.20      1.2
689.30      1.2
689.40      1.2
689.50      1.2
689.60      1.2
689.70      1.5
689.80      1.2
689.90      1.2
690.00      1.2
690.10      1.2
690.20      1.2
690.30      1.2
690.40      1.2
690.50      1.2
690.60      1.2
690.70      1.5
690.80      1.2
690.90      1.2
691.00      1.2
691.10      1.2
691.20      1.2
691.30      1.5
691.40      1.2
691.50      1.2
691.60      1.2
691.70      1.2
691.80      1.2
691.90      1.2
692.00      1.2
692.10      1.5
692.20      1.2
692.30      1.2
692.40      1.2
692.50      1.2
692.60      1.2
692.70      1.2
692.80      1.2
692.90      1.5
693.00      1.2
693.10      1.2
693.20      1.2
693.30      1.2
693.40      1.2
693.50      1.2
693.60      1.2
693.70      1.5
693.80      1.2
693.90      1.2
694.00      1.2
694.10      1.2
694.20      1.2
694.30      1.2
694.40      1.2
694.50      1.5
694.60      1.2
694.70      1.2
694.80      1.2
694.90      1.2
695.00      1.2
695.10      1.2
695.20      1.2
695.30      1.5
695.40      1.2
695.50      1.2
695.60      1.2
695.70      1.2
695.80      1.2
695.90      1.2
696.00      1.2
696.10      1.5
696.20      1.2
696.30      1.2
696.40      1.2
696.50      1.2
696.60      1.2
696.70      1.2
696.80      1.2
696.90      1.2
697.00      1.2
697.10      1.2
697.20      1.2
697.30      1.2
697.40      1.2
697.50      1.2
697.60      1.2
697.70      1.2
697.80      1.2
697.90      1.2
698.00      1.2
698.10      1.2
698.20      1.2
698.30      1.2
698.40      1.2
698.50      1.2
698.60      1.2
698.70      1.2
698.80      1.2
698.90      1.2
699.00      1.2
699.10      1.2
699.20      1.2
699.30      1.2
699.40      1.2
699.50      1.2
699.60      1.2
699.70      1.2
699.80      1.2
699.90      1.2
700.00      1.2
700.10      1.2
700.20      1.2
700.30      1.2
700.40      1.2
700.50      1.2
700.60      1.2
700.70      1.2
700.80      1.2
700.90      1.2
701.00      1.2
701.10      1.2
701.20      1.2
701.30      1.2
701.40      1.2
701.50      1.2
701.60      1.2
701.70      1.2
701.80      1.2
701.90      1.2
702.00      1.2
702.10      1.2
702.20      1.2
702.30      1.2
702.40      1.2
702.50      1.2
702.60      1.2
702.70      1.2
702.80      1.2
702.90      1.2
703.00      1.2
703.10      1.2
703.20      1.2
703.30      1.2
703.40      1.2
703.50      1.2
703.60      1.2
703.70      1.2
703.80      1.2
703.90      1.5
704.00      1.2
704.10      1.2
704.20      1.2
704.30      1.2
704.40      1.2
704.50      1.2
704.60      1.2
704.70      1.2
704.80      1.2
704.90      1.2
705.00      1.2
705.10      1.2
705.20      1.2
705.30      1.2
705.40      1.2
705.50      1.2
705.60      1.2
705.70      1.2
705.80      1.2
705.90      1.2
706.00      1.2
706.10      1.2
706.20      1.2
706.30      1.5
706.40      1.2
706.50      1.2
706.60      1.2
706.70      1.2
706.80      1.2
706.90      1.2
707.00      1.2
707.10      1.2
707.20      1.2
707.30      1.2
707.40      1.2
707.50      1.2
707.60      1.2
707.70      1.2
707.80      1.2
707.90      1.2
708.00      1.2
708.10      1.2
708.20      1.2
708.30      1.2
708.40      1.2
708.50      1.2
708.60      1.2
708.70      1.2
708.80      1.2
708.90      1.2
709.00      1.2
709.10      1.2
709.20      1.2
709.30      1.2
709.40      1.2
709.50      1.2
709.60      1.2
709.70      1.2
709.80      1.2
709.90      1.2
710.00      1.2
710.10      1.2
710.20      1.2
710.30      1.2
710.40      1.2
710.50      1.2
710.60      1.2
710.70      1.2
710.80      1.2
710.90      1.2
711.00      1.2
711.10      1.5
711.20      1.2
711.30      1.2
711.40      1.2
711.50      1.2
711.60      1.2
711.70      1.2
711.80      1.2
711.90      1.2
712.00      1.2
712.10      1.2
712.20      1.2
712.30      1.2
712.40      1.2
712.50      1.2
712.60      1.2
712.70      1.2
712.80      1.2
712.90      1.2
713.00      1.2
713.10      1.2
713.20      1.2
713.30      1.5
713.40      1.2
713.50      1.2
713.60      1.2
713.70      1.2
713.80      1.2
713.90      1.2
714.00      1.2
714.10      1.2
714.20      1.2
714.30      1.2
714.40      1.2
714.50      1.2
714.60      1.2
714.70      1.2
714.80      1.2
714.90      1.2
715.00      1.2
715.10      1.2
715.20      1.2
715.30      1.2
715.40      1.2
715.50      1.2
715.60      1.2
715.70      1.2
715.80      1.2
715.90      1.2
716.00      1.2
716.10      1.2
716.20      1.2
716.30      1.2
716.40      1.2
716.50      1.2
716.60      1.2
716.70      1.2
716.80      1.2
716.90      1.2
717.00      1.2
717.10      1.2
717.20      1.2
717.30      1.2
717.40      1.2
717.50      1.2
717.60      1.2
717.70      1.2
717.80      1.2
717.90      1.2
718.00      1.2
718.10      1.2
718.20      1.2
718.30      1.2
718.40      1.2
718.50      1.2
718.60      1.2
718.70      1.2
718.80      1.2
718.90      1.2
719.00      1.2
719.10      1.2
719.20      1.2
719.30      1.2
719.40      1.2
719.50      1.2
719.60      1.2
719.70      1.2
719.80      1.2
719.90      1.2
720.00      1.2
720.10      1.2
720.20      1.2
720.30      1.2
720.40      1.2
720.50      1.2
720.60      1.2
720.70      1.2
720.80      1.2
720.90      1.2
721.00      1.2
721.10      1.2
721.20      1.2
721.30      1.2
721.40      1.2
721.50      1.2
721.60      1.2
721.70      1.2
721.80      1.2
721.90      1.2
722.00      1.2
722.10      1.2
722.20      1.2
722.30      1.2
722.40      1.2
722.50      1.2
722.60      1.2
722.70      1.2
722.80      1.2
722.90      1.2
723.00      1.2
723.10      1.2
723.20      1.2
723.30      1.2
723.40      1.2
723.50      1.2
723.60      1.2
723.70      1.2
723.80      1.2
723.90      1.2
724.00      1.2
724.10      1.2
724.20      1.2
724.30      1.2
724.40      1.2
724.50      1.2
724.60      1.2
724.70      1.2
724.80      1.2
724.90      1.2
725.00      1.2
725.10      1.2
725.20      1.2
725.30      1.2
725.40      1.2
725.50      1.2
725.60      1.2
725.70      1.2
725.80      1.2
725.90      1.2
726.00      1.2
726.10      1.2
726.20      1.2
726.30      1.2
726.40      1.2
726.50      1.2
726.60      1.2
726.70      1.2
726.80      1.2
726.90      1.2
727.00      1.2
727.10      1.2
727.20      1.2
727.30      1.2
727.40      1.2
727.50      1.2
727.60      1.2
727.70      1.2
727.80      1.2
727.90      1.2
728.00      1.2
728.10      1.2
728.20      1.2
728.30      1.2
728.40      1.2
728.50      1.2
728.60      1.2
728.70      1.2
728.80      1.2
728.90      1.2
729.00      1.2
729.10      1.2
729.20      1.2
729.30      1.2
729.40      1.2
729.50      1.2
729.60      1.2
729.70      1.2
729.80      1.2
729.90      1.2
730.00      1.2
730.10      1.2
730.20      1.2
730.30      1.2
730.40      1.2
730.50      1.2
730.60      1.2
730.70      1.2
730.80      1.2
730.90      1.2
731.00      1.2
731.10      1.2
731.20      1.2
731.30      1.2
731.40      1.2
731.50      1.2
731.60      1.2
731.70      1.2
731.80      1.2
731.90      1.2
732.00      1.2
732.10      1.2
732.20      1.2
732.30      1.2
732.40      1.2
732.50      1.2
732.60      1.2
732.70      1.2
732.80      1.2
732.90      1.2
733.00      1.2
733.10      1.2
733.20      1.2
733.30      1.2
733.40      1.2
733.50      1.2
733.60      1.2
733.70      1.2
733.80      1.2
733.90      1.2
734.00      1.2
734.10      1.2
734.20      1.2
734.30      1.2
734.40      1.2
734.50      1.2
734.60      1.2
734.70      1.2
734.80      1.2
734.90      1.2
735.00      1.2
735.10      1.2
735.20      1.2
735.30      1.2
735.40      1.2
735.50      1.2
735.60      1.2
735.70      1.2
735.80      1.2
735.90      1.2
736.00      1.2
736.10      1.2
736.20      1.2
736.30      1.2
736.40      1.2
736.50      1.2
736.60      1.2
736.70      1.2
736.80      1.2
736.90      1.2
737.00      1.2
737.10      1.2
737.20      1.2
737.30      1.2
737.40      1.2
737.50      1.2
737.60      1.2
737.70      1.2
737.80      1.2
737.90      1.2
738.00      1.2
738.10      1.2
738.20      1.2
738.30      1.2
738.40      1.2
738.50      1.2
738.60      1.2
738.70      1.2
738.80      1.2
738.90      1.2
739.00      1.2
739.10      1.2
739.20      1.2
739.30      1.2
739.40      1.2
739.50      1.2
739.60      1.2
739.70      1.2
739.80      1.2
739.90      1.2
740.00      1.2
740.10      1.2
740.20      1.2
740.30      1.2
740.40      1.2
740.50      1.2
740.60      1.2
740.70      1.2
740.80      1.2
740.90      1.2
741.00      1.2
741.10      1.2
741.20      1.2
741.30      1.2
741.40      1.2
741.50      1.2
741.60      1.2
741.70      1.2
741.80      1.2
741.90      1.2
742.00      1.2
742.10      1.2
742.20      1.2
742.30      1.2
742.40      1.2
742.50      1.2
742.60      1.2
742.70      1.2
742.80      1.2
742.90      1.2
743.00      1.2
743.10      1.2
743.20      1.2
743.30      1.2
743.40      1.2
743.50      1.2
743.60      1.2
743.70      1.2
743.80      1.2
743.90      1.2
744.00      1.2
744.10      1.2
744.20      1.2
744.30      1.2
744.40      1.2
744.50      1.2
744.60      1.2
744.70      1.2
744.80      1.2
744.90      1.2
745.00      1.2
745.10      1.2
745.20      1.2
745.30      1.2
745.40      1.2
745.50      1.2
745.60      1.2
745.70      1.2
745.80      1.2
745.90      1.2
746.00      1.2
746.10      1.2
746.20      1.2
746.30      1.2
746.40      1.2
746.50      1.2
746.60      1.2
746.70      1.2
746.80      1.2
746.90      1.2
747.00      1.2
747.10      1.2
747.20      1.2
747.30      1.2
747.40      1.2
747.50      1.2
747.60      1.2
747.70      1.2
747.80      1.2
747.90      1.2
748.00      1.2
748.10      1.2
748.20      1.2
748.30      1.2
748.40      1.2
748.50      1.2
748.60      1.2
748.70      1.2
748.80      1.2
748.90      1.2
749.00      1.2
749.10      1.2
749.20      1.2
749.30      1.2
749.40      1.2
749.50      1.2
749.60      1.2
749.70      1.2
749.80      1.2
749.90      1.2
750.00      1.2
750.10      1.2
750.20      1.2
750.30      1.2
750.40      1.2
750.50      1.2
750.60      1.2
750.70      1.2
750.80      1.2
750.90      1.2
751.00      1.2
751.10      1.2
751.20      1.2
751.30      1.2
751.40      1.2
751.50      1.2
751.60      1.2
751.70      1.2
751.80      1.2
751.90      1.2
752.00      1.2
752.10      1.2
752.20      1.2
752.30      1.2
752.40      1.2
752.50      1.2
752.60      1.2
752.70      1.2
752.80      1.2
752.90      1.2
753.00      1.2
753.10      1.2
753.20      1.2
753.30      1.2
753.40      1.2
753.50      1.2
753.60      1.2
753.70      1.2
753.80      1.2
753.90      1.2
754.00      1.2
754.10      1.2
754.20      1.2
754.30      1.2
754.40      1.2
754.50      1.2
754.60      1.2
754.70      1.2
754.80      1.2
754.90      1.2
755.00      1.2
755.10      1.2
755.20      1.2
755.30      1.2
755.40      1.2
755.50      1.2
755.60      1.2
755.70      1.2
755.80      1.2
755.90      1.2
756.00      1.2
756.10      1.2
756.20      1.2
756.30      1.2
756.40      1.2
756.50      1.2
756.60      1.2
756.70      1.2
756.80      1.2
756.90      1.2
757.00      1.2
757.10      1.2
757.20      1.2
757.30      1.2
757.40      1.2
757.50      1.2
757.60      1.2
757.70      1.2
757.80      1.2
757.90      1.2
758.00      1.2
758.10      1.2
758.20      1.2
758.30      1.2
758.40      1.2
758.50      1.2
758.60      1.2
758.70      1.2
758.80      1.2
758.90      1.2
759.00      1.2
759.10      1.2
759.20      1.2
759.30      1.2
759.40      1.2
759.50      1.2
759.60      1.2
759.70      1.2
759.80      1.2
759.90      1.2
760.00      1.2
760.10      1.2
760.20      1.2
760.30      1.2
760.40      1.2
760.50      1.2
760.60      1.2
760.70      1.2
760.80      1.2
760.90      1.2
761.00      1.2
761.10      1.2
761.20      1.2
761.30      1.2
761.40      1.2
761.50      1.2
761.60      1.2
761.70      1.2
761.80      1.2
761.90      1.2
762.00      1.2
762.10      1.2
762.20      1.2
762.30      1.2
762.40      1.2
762.50      1.2
762.60      1.2
762.70      1.2
762.80      1.2
762.90      1.2
763.00      1.2
763.10      1.2
763.20      1.2
763.30      1.2
763.40      1.2
763.50      1.2
763.60      1.2
763.70      1.2
763.80      1.2
763.90      1.2
764.00      1.2
764.10      1.2
764.20      1.2
764.30      1.2
764.40      1.2
764.50      1.2
764.60      1.2
764.70      1.2
764.80      1.2
764.90      1.2
765.00      1.2
765.10      1.2
765.20      1.2
765.30      1.2
765.40      1.2
765.50      1.2
765.60      1.2
765.70      1.2
765.80      1.2
765.90      1.2
766.00      1.2
766.10      1.2
766.20      1.2
766.30      1.2
766.40      1.2
766.50      1.2
766.60      1.2
766.70      1.2
766.80      1.2
766.90      1.2
767.00      1.2
767.10      1.2
767.20      1.2
767.30      1.2
767.40      1.2
767.50      1.2
767.60      1.2
767.70      1.2
767.80      1.2
767.90      1.2
768.00      1.2
768.10      1.2
768.20      1.2
768.30      1.2
768.40      1.2
768.50      1.2
768.60      1.2
768.70      1.2
768.80      1.2
768.90      1.2
769.00      1.2
769.10      1.2
769.20      1.2
769.30      1.2
769.40      1.2
769.50      1.2
769.60      1.2
769.70      1.2
769.80      1.2
769.90      1.2
770.00      1.2
770.10      1.2
770.20      1.2
770.30      1.2
770.40      1.2
770.50      1.2
770.60      1.2
770.70      1.2
770.80      1.2
770.90      1.2
771.00      1.2
771.10      1.2
771.20      1.2
771.30      1.2
771.40      1.2
771.50      1.2
771.60      1.2
771.70      1.2
771.80      1.2
771.90      1.2
772.00      1.2
772.10      1.2
772.20      1.2
772.30      1.2
772.40      1.2
772.50      1.2
772.60      1.2
772.70      1.2
772.80      1.2
772.90      1.2
773.00      1.2
773.10      1.2
773.20      1.2
773.30      1.2
773.40      1.2
773.50      1.2
773.60      1.2
773.70      1.2
773.80      1.2
773.90      1.2
774.00      1.2
774.10      1.2
774.20      1.2
774.30      1.2
774.40      1.2
774.50      1.2
774.60      1.2
774.70      1.2
774.80      1.2
774.90      1.2
775.00      1.2
775.10      1.2
775.20      1.2
775.30      1.2
775.40      1.2
775.50      1.2
775.60      1.2
775.70      1.2
775.80      1.2
775.90      1.2
776.00      1.2
776.10      1.2
776.20      1.2
776.30      1.2
776.40      1.2
776.50      1.2
776.60      1.2
776.70      1.2
776.80      1.2
776.90      1.2
777.00      1.2
777.10      1.2
777.20      1.2
777.30      1.2
777.40      1.2
777.50      1.2
777.60      1.2
777.70      1.2
777.80      1.2
777.90      1.2
778.00      1.2
778.10      1.2
778.20      1.2
778.30      1.2
778.40      1.2
778.50      1.2
778.60      1.2
778.70      1.2
778.80      1.2
778.90      1.2
779.00      1.2
779.10      1.2
779.20      1.2
779.30      1.2
779.40      1.2
779.50      1.2
779.60      1.2
779.70      1.2
779.80      1.2
779.90      1.2
780.00      1.2
780.10      1.2
780.20      1.2
780.30      1.2
780.40      1.2
780.50      1.2
780.60      1.2
780.70      1.2
780.80      1.2
780.90      1.2
781.00      1.2
781.10      1.2
781.20      1.2
781.30      1.2
781.40      1.2
781.50      1.2
781.60      1.2
781.70      1.2
781.80      1.2
781.90      1.2
782.00      1.2
782.10      1.2
782.20      1.2
782.30      1.2
782.40      1.2
782.50      1.2
782.60      1.2
782.70      1.2
782.80      1.2
782.90      1.2
783.00      1.2
783.10      1.2
783.20      1.2
783.30      1.2
783.40      1.2
783.50      1.2
783.60      1.2
783.70      1.2
783.80      1.2
783.90      1.2
784.00      1.2
784.10      1.2
784.20      1.2
784.30      1.2
784.40      1.2
784.50      1.2
784.60      1.2
784.70      1.2
784.80      1.2
784.90      1.2
785.00      1.2
785.10      1.2
785.20      1.2
785.30      1.2
785.40      1.2
785.50      1.2
785.60      1.2
785.70      1.2
785.80      1.2
785.90      1.2
786.00      1.2
786.10      1.2
786.20      1.2
786.30      1.2
786.40      1.2
786.50      1.2
786.60      1.2
786.70      1.2
786.80      1.2
786.90      1.2
787.00      1.2
787.10      1.2
787.20      1.2
787.30      1.2
787.40      1.2
787.50      1.2
787.60      1.2
787.70      1.2
787.80      1.2
787.90      1.2
788.00      1.2
788.10      1.2
788.20      1.2
788.30      1.2
788.40      1.2
788.50      1.2
788.60      1.2
788.70      1.2
788.80      1.2
788.90      1.2
789.00      1.2
789.10      1.2
789.20      1.2
789.30      1.2
789.40      1.2
789.50      1.2
789.60      1.2
789.70      1.2
789.80      1.2
789.90      1.2
790.00      1.2
790.10      1.2
790.20      1.2
790.30      1.2
790.40      1.2
790.50      1.2
790.60      1.2
790.70      1.2
790.80      1.2
790.90      1.2
791.00      1.2
791.10      1.2
791.20      1.2
791.30      1.2
791.40      1.2
791.50      1.2
791.60      1.2
791.70      1.2
791.80      1.2
791.90      1.2
792.00      1.2
792.10      1.2
792.20      1.2
792.30      1.2
792.40      1.2
792.50      1.2
792.60      1.2
792.70      1.2
792.80      1.2
792.90      1.2
793.00      1.2
793.10      1.2
793.20      1.2
793.30      1.2
793.40      1.2
793.50      1.2
793.60      1.2
793.70      1.2
793.80      1.2
793.90      1.2
794.00      1.2
794.10      1.2
794.20      1.2
794.30      1.2
794.40      1.2
794.50      1.2
794.60      1.2
794.70      1.2
794.80      1.2
794.90      1.2
795.00      1.2
795.10      1.2
795.20      1.2
795.30      1.2
795.40      1.2
795.50      1.2
795.60      1.2
795.70      1.2
795.80      1.2
795.90      1.2
796.00      1.2
796.10      1.2
796.20      1.2
796.30      1.2
796.40      1.2
796.50      1.2
796.60      1.2
796.70      1.2
796.80      1.2
796.90      1.2
797.00      1.2
797.10      1.2
797.20      1.2
797.30      1.2
797.40      1.2
797.50      1.2
797.60      1.2
797.70      1.2
797.80      1.2
797.90      1.2
798.00      1.2
798.10      1.2
798.20      1.2
798.30      1.2
798.40      1.2
798.50      1.2
798.60      1.2
798.70      1.2
798.80      1.2
798.90      1.2
799.00      1.2
799.10      1.2
799.20      1.2
799.30      1.2
799.40      1.2
799.50      1.2
799.60      1.2
799.70      1.2
799.80      1.2
799.90      1.2
800.00      1.2
