300.00      1.5
300.10      1.5
300.20      1.5
300.30      1.5
300.40      1.5
300.50      1.5
300.60      1.5
300.70      1.5
300.80      1.5
300.90      1.5
301.00      1.5
301.10      1.5
301.20      1.5
301.30      1.5
301.40      1.5
301.50      1.5
301.60      1.5
301.70      1.5
301.80      1.5
301.90      1.5
302.00      1.5
302.10      1.5
302.20      1.5
302.30      1.5
302.40      1.5
302.50      1.5
302.60      1.5
302.70      1.5
302.80      1.5
302.90      1.5
303.00      1.5
303.10      1.7
303.20      1.5
303.30      1.7
303.40      1.5
303.50      1.7
303.60      1.7
303.70      1.7
303.80      1.7
303.90      1.7
304.00      1.7
304.10      1.7
304.20      1.7
304.30      1.7
304.40      1.7
304.50      1.7
304.60      1.7
304.70      1.7
304.80      1.7
304.90      1.7
305.00      1.7
305.10      1.7
305.20      1.7
305.30      1.7
305.40      1.7
305.50      1.7
305.60      1.7
305.70      1.7
305.80      1.7
305.90      1.7
306.00      1.5
306.10      1.5
306.20      1.5
306.30      1.5
306.40      1.5
306.50      1.5
306.60      1.5
306.70      1.5
306.80      1.5
306.90      1.5
307.00      1.5
307.10      1.5
307.20      1.5
307.30      1.5
307.40      1.5
307.50      1.5
307.60      1.5
307.70      1.5
307.80      1.5
307.90      1.5
308.00      1.5
308.10      1.5
308.20      1.5
308.30      1.5
308.40      1.5
308.50      1.5
308.60      1.5
308.70      1.5
308.80      1.5
308.90      1.5
309.00      1.5
309.10      1.5
309.20      1.5
309.30      1.5
309.40      1.5
309.50      1.5
309.60      1.5
309.70      1.5
309.80      1.5
309.90      1.5
310.00      1.5
310.10      1.5
310.20      1.5
310.30      1.5
310.40      1.5
310.50      1.5
310.60      1.5
310.70      1.5
310.80      1.5
310.90      1.5
311.00      1.5
311.10      1.5
311.20      1.5
311.30      1.5
311.40      1.5
311.50      1.5
311.60      1.5
311.70      1.5
311.80      1.5
311.90      1.5
312.00      1.5
312.10      1.5
312.20      1.5
312.30      1.5
312.40      1.5
312.50      1.5
312.60      1.5
312.70      1.5
312.80      1.5
312.90      1.5
313.00      1.5
313.10      1.5
313.20      1.5
313.30      1.5
313.40      1.5
313.50      1.5
313.60      1.5
313.70      1.5
313.80      1.5
313.90      1.5
314.00      1.5
314.10      1.5
314.20      1.5
314.30      1.5
314.40      1.5
314.50      1.5
314.60      1.5
314.70      1.5
314.80      1.5
314.90      1.5
315.00      1.5
315.10      1.5
315.20      1.5
315.30      1.5
315.40      1.5
315.50      1.5
315.60      1.5
315.70      1.5
315.80      1.5
315.90      1.5
316.00      1.5
316.10      1.5
316.20      1.5
316.30      1.5
316.40      1.5
316.50      1.5
316.60      1.5
316.70      1.5
316.80      1.5
316.90      1.5
317.00      1.5
317.10      1.5
317.20      1.5
317.30      1.5
317.40      1.5
317.50      1.5
317.60      1.5
317.70      1.5
317.80      1.5
317.90      1.5
318.00      1.5
318.10      1.5
318.20      1.5
318.30      1.5
318.40      1.5
318.50      1.5
318.60      1.5
318.70      1.5
318.80      1.5
318.90      1.5
319.00      1.5
319.10      1.5
319.20      1.5
319.30      1.5
319.40      1.5
319.50      1.5
319.60      1.5
319.70      1.5
319.80      1.5
319.90      1.5
320.00      1.5
320.10      1.5
320.20      1.5
320.30      1.5
320.40      1.5
320.50      1.5
320.60      1.5
320.70      1.5
320.80      1.5
320.90      1.5
321.00      1.5
321.10      1.5
321.20      1.5
321.30      1.5
321.40      1.5
321.50      1.5
321.60      1.5
321.70      1.5
321.80      1.5
321.90      1.5
322.00      1.5
322.10      1.5
322.20      1.5
322.30      1.5
322.40      1.5
322.50      1.5
322.60      1.5
322.70      1.5
322.80      1.5
322.90      1.5
323.00      1.5
323.10      1.5
323.20      1.5
323.30      1.5
323.40      1.5
323.50      1.5
323.60      1.5
323.70      1.5
323.80      1.5
323.90      1.5
324.00      1.5
324.10      1.5
324.20      1.5
324.30      1.5
324.40      1.5
324.50      1.5
324.60      1.5
324.70      1.5
324.80      1.5
324.90      1.5
325.00      1.5
325.10      1.5
325.20      1.5
325.30      1.5
325.40      1.5
325.50      1.5
325.60      1.5
325.70      1.5
325.80      1.5
325.90      1.5
326.00      1.5
326.10      1.5
326.20      1.5
326.30      1.5
326.40      1.5
326.50      1.5
326.60      1.5
326.70      1.5
326.80      1.5
326.90      1.5
327.00      1.5
327.10      1.5
327.20      1.5
327.30      1.5
327.40      1.5
327.50      1.5
327.60      1.5
327.70      1.5
327.80      1.5
327.90      1.5
328.00      1.5
328.10      1.5
328.20      1.5
328.30      1.5
328.40      1.5
328.50      1.5
328.60      1.5
328.70      1.5
328.80      1.5
328.90      1.5
329.00      1.5
329.10      1.5
329.20      1.5
329.30      1.5
329.40      1.5
329.50      1.5
329.60      1.5
329.70      1.5
329.80      1.5
329.90      1.5
330.00      1.5
330.10      1.5
330.20      1.5
330.30      1.5
330.40      1.5
330.50      1.5
330.60      1.5
330.70      1.5
330.80      1.5
330.90      1.5
331.00      1.5
331.10      1.5
331.20      1.5
331.30      1.5
331.40      1.5
331.50      1.5
331.60      1.5
331.70      1.5
331.80      1.5
331.90      1.5
332.00      1.5
332.10      1.5
332.20      1.5
332.30      1.5
332.40      1.5
332.50      1.5
332.60      1.5
332.70      1.5
332.80      1.5
332.90      1.5
333.00      1.5
333.10      1.5
333.20      1.5
333.30      1.5
333.40      1.5
333.50      1.5
333.60      1.5
333.70      1.5
333.80      1.5
333.90      1.5
334.00      1.5
334.10      1.5
334.20      1.5
334.30      1.5
334.40      1.5
334.50      1.5
334.60      1.5
334.70      1.5
334.80      1.5
334.90      1.5
335.00      1.5
335.10      1.5
335.20      1.5
335.30      1.5
335.40      1.5
335.50      1.5
335.60      1.5
335.70      1.5
335.80      1.5
335.90      1.5
336.00      1.5
336.10      1.5
336.20      1.5
336.30      1.5
336.40      1.5
336.50      1.5
336.60      1.5
336.70      1.5
336.80      1.5
336.90      1.5
337.00      1.5
337.10      1.5
337.20      1.5
337.30      1.5
337.40      1.5
337.50      1.5
337.60      1.5
337.70      1.5
337.80      1.5
337.90      1.5
338.00      1.5
338.10      1.5
338.20      1.5
338.30      1.5
338.40      1.5
338.50      1.5
338.60      1.5
338.70      1.5
338.80      1.5
338.90      1.5
339.00      1.5
339.10      1.5
339.20      1.5
339.30      1.5
339.40      1.5
339.50      1.5
339.60      1.5
339.70      1.5
339.80      1.5
339.90      1.5
340.00      1.5
340.10      1.5
340.20      1.5
340.30      1.5
340.40      1.5
340.50      1.5
340.60      1.5
340.70      1.5
340.80      1.5
340.90      1.5
341.00      1.5
341.10      1.5
341.20      1.5
341.30      1.5
341.40      1.5
341.50      1.5
341.60      1.5
341.70      1.5
341.80      1.5
341.90      1.5
342.00      1.5
342.10      1.5
342.20      1.5
342.30      1.5
342.40      1.5
342.50      1.5
342.60      1.5
342.70      1.5
342.80      1.5
342.90      1.5
343.00      1.5
343.10      1.5
343.20      1.5
343.30      1.5
343.40      1.5
343.50      1.5
343.60      1.5
343.70      1.5
343.80      1.5
343.90      1.5
344.00      1.5
344.10      1.5
344.20      1.5
344.30      1.5
344.40      1.5
344.50      1.5
344.60      1.5
344.70      1.5
344.80      1.5
344.90      1.5
345.00      1.5
345.10      1.5
345.20      1.5
345.30      1.5
345.40      1.5
345.50      1.5
345.60      1.5
345.70      1.5
345.80      1.5
345.90      1.5
346.00      1.5
346.10      1.5
346.20      1.5
346.30      1.5
346.40      1.5
346.50      1.5
346.60      1.5
346.70      1.5
346.80      1.5
346.90      1.5
347.00      1.5
347.10      1.5
347.20      1.5
347.30      1.5
347.40      1.5
347.50      1.5
347.60      1.5
347.70      1.5
347.80      1.5
347.90      1.5
348.00      1.5
348.10      1.5
348.20      1.5
348.30      1.5
348.40      1.5
348.50      1.5
348.60      1.5
348.70      1.5
348.80      1.5
348.90      1.5
349.00      1.5
349.10      1.5
349.20      1.5
349.30      1.5
349.40      1.5
349.50      1.5
349.60      1.5
349.70      1.5
349.80      1.5
349.90      1.5
350.00      1.5
350.10      1.5
350.20      1.5
350.30      1.5
350.40      1.5
350.50      1.5
350.60      1.5
350.70      1.5
350.80      1.5
350.90      1.5
351.00      1.5
351.10      1.5
351.20      1.5
351.30      1.5
351.40      1.5
351.50      1.5
351.60      1.5
351.70      1.5
351.80      1.5
351.90      1.5
352.00      1.5
352.10      1.5
352.20      1.5
352.30      1.5
352.40      1.5
352.50      1.5
352.60      1.5
352.70      1.5
352.80      1.5
352.90      1.5
353.00      1.5
353.10      1.5
353.20      1.5
353.30      1.5
353.40      1.5
353.50      1.5
353.60      1.5
353.70      1.5
353.80      1.5
353.90      1.5
354.00      1.5
354.10      1.5
354.20      1.5
354.30      1.5
354.40      1.5
354.50      1.5
354.60      1.5
354.70      1.5
354.80      1.5
354.90      1.5
355.00      1.5
355.10      1.5
355.20      1.5
355.30      1.5
355.40      1.5
355.50      1.5
355.60      1.5
355.70      1.5
355.80      1.5
355.90      1.5
356.00      1.5
356.10      1.5
356.20      1.5
356.30      1.5
356.40      1.5
356.50      1.5
356.60      1.5
356.70      1.5
356.80      1.5
356.90      1.5
357.00      1.5
357.10      1.5
357.20      1.5
357.30      1.5
357.40      1.5
357.50      1.5
357.60      1.5
357.70      1.5
357.80      1.5
357.90      1.5
358.00      1.5
358.10      1.5
358.20      1.5
358.30      1.5
358.40      1.5
358.50      1.5
358.60      1.5
358.70      1.5
358.80      1.5
358.90      1.5
359.00      1.5
359.10      1.5
359.20      1.5
359.30      1.5
359.40      1.5
359.50      1.5
359.60      1.5
359.70      1.5
359.80      1.5
359.90      1.5
360.00      1.5
360.10      1.5
360.20      1.5
360.30      1.5
360.40      1.5
360.50      1.5
360.60      1.5
360.70      1.5
360.80      1.5
360.90      1.5
361.00      1.5
361.10      1.5
361.20      1.5
361.30      1.5
361.40      1.5
361.50      1.5
361.60      1.5
361.70      1.5
361.80      1.5
361.90      1.5
362.00      1.5
362.10      1.5
362.20      1.5
362.30      1.5
362.40      1.5
362.50      1.5
362.60      1.5
362.70      1.5
362.80      1.5
362.90      1.5
363.00      1.5
363.10      1.5
363.20      1.5
363.30      1.5
363.40      1.5
363.50      1.5
363.60      1.5
363.70      1.5
363.80      1.5
363.90      1.5
364.00      1.5
364.10      1.5
364.20      1.5
364.30      1.5
364.40      1.5
364.50      1.5
364.60      1.5
364.70      1.5
364.80      1.5
364.90      1.5
365.00      1.5
365.10      1.5
365.20      1.5
365.30      1.5
365.40      1.5
365.50      1.5
365.60      1.5
365.70      1.5
365.80      1.5
365.90      1.5
366.00      1.5
366.10      1.5
366.20      1.5
366.30      1.5
366.40      1.5
366.50      1.5
366.60      1.5
366.70      1.5
366.80      1.5
366.90      1.5
367.00      1.5
367.10      1.5
367.20      1.5
367.30      1.5
367.40      1.5
367.50      1.5
367.60      1.5
367.70      1.5
367.80      1.5
367.90      1.5
368.00      1.5
368.10      1.5
368.20      1.5
368.30      1.5
368.40      1.5
368.50      1.5
368.60      1.5
368.70      1.5
368.80      1.5
368.90      1.5
369.00      1.5
369.10      1.5
369.20      1.5
369.30      1.5
369.40      1.5
369.50      1.5
369.60      1.5
369.70      1.5
369.80      1.5
369.90      1.5
370.00      1.5
370.10      1.5
370.20      1.5
370.30      1.5
370.40      1.5
370.50      1.5
370.60      1.5
370.70      1.5
370.80      1.5
370.90      1.5
371.00      1.5
371.10      1.5
371.20      1.5
371.30      1.5
371.40      1.5
371.50      1.5
371.60      1.5
371.70      1.5
371.80      1.5
371.90      1.5
372.00      1.5
372.10      1.5
372.20      1.5
372.30      1.5
372.40      1.5
372.50      1.5
372.60      1.5
372.70      1.5
372.80      1.5
372.90      1.5
373.00      1.5
373.10      1.5
373.20      1.5
373.30      1.5
373.40      1.5
373.50      1.5
373.60      1.5
373.70      1.5
373.80      1.5
373.90      1.5
374.00      1.5
374.10      1.5
374.20      1.5
374.30      1.5
374.40      1.5
374.50      1.5
374.60      1.5
374.70      1.5
374.80      1.5
374.90      1.5
375.00      1.5
375.10      1.5
375.20      1.5
375.30      1.5
375.40      1.5
375.50      1.5
375.60      1.5
375.70      1.5
375.80      1.5
375.90      1.5
376.00      1.5
376.10      1.5
376.20      1.5
376.30      1.5
376.40      1.5
376.50      1.5
376.60      1.5
376.70      1.5
376.80      1.5
376.90      1.5
377.00      1.5
377.10      1.5
377.20      1.5
377.30      1.5
377.40      1.5
377.50      1.5
377.60      1.5
377.70      1.5
377.80      1.5
377.90      1.5
378.00      1.5
378.10      1.5
378.20      1.5
378.30      1.5
378.40      1.5
378.50      1.5
378.60      1.5
378.70      1.5
378.80      1.5
378.90      1.5
379.00      1.5
379.10      1.5
379.20      1.5
379.30      1.5
379.40      1.5
379.50      1.5
379.60      1.5
379.70      1.5
379.80      1.5
379.90      1.5
380.00      1.5
380.10      1.5
380.20      1.5
380.30      1.5
380.40      1.5
380.50      1.5
380.60      1.5
380.70      1.5
380.80      1.5
380.90      1.5
381.00      1.5
381.10      1.5
381.20      1.5
381.30      1.5
381.40      1.5
381.50      1.5
381.60      1.5
381.70      1.5
381.80      1.5
381.90      1.5
382.00      1.5
382.10      1.5
382.20      1.5
382.30      1.5
382.40      1.5
382.50      1.5
382.60      1.5
382.70      1.5
382.80      1.5
382.90      1.5
383.00      1.5
383.10      1.5
383.20      1.5
383.30      1.5
383.40      1.5
383.50      1.5
383.60      1.5
383.70      1.5
383.80      1.5
383.90      1.5
384.00      1.5
384.10      1.5
384.20      1.5
384.30      1.5
384.40      1.5
384.50      1.5
384.60      1.5
384.70      1.5
384.80      1.5
384.90      1.5
385.00      1.5
385.10      1.5
385.20      1.5
385.30      1.5
385.40      1.5
385.50      1.5
385.60      1.5
385.70      1.5
385.80      1.5
385.90      1.5
386.00      1.5
386.10      1.5
386.20      1.5
386.30      1.5
386.40      1.5
386.50      1.5
386.60      1.5
386.70      1.5
386.80      1.5
386.90      1.5
387.00      1.5
387.10      1.5
387.20      1.5
387.30      1.5
387.40      1.5
387.50      1.5
387.60      1.5
387.70      1.5
387.80      1.5
387.90      1.5
388.00      1.5
388.10      1.5
388.20      1.5
388.30      1.5
388.40      1.5
388.50      1.5
388.60      1.5
388.70      1.5
388.80      1.5
388.90      1.5
389.00      1.5
389.10      1.5
389.20      1.5
389.30      1.5
389.40      1.5
389.50      1.5
389.60      1.5
389.70      1.5
389.80      1.5
389.90      1.5
390.00      1.5
390.10      1.5
390.20      1.5
390.30      1.5
390.40      1.5
390.50      1.5
390.60      1.5
390.70      1.5
390.80      1.5
390.90      1.5
391.00      1.5
391.10      1.5
391.20      1.5
391.30      1.5
391.40      1.5
391.50      1.5
391.60      1.5
391.70      1.5
391.80      1.5
391.90      1.5
392.00      1.5
392.10      1.5
392.20      1.5
392.30      1.5
392.40      1.5
392.50      1.5
392.60      1.5
392.70      1.5
392.80      1.5
392.90      1.5
393.00      1.5
393.10      1.5
393.20      1.5
393.30      1.5
393.40      1.5
393.50      1.5
393.60      1.5
393.70      1.5
393.80      1.5
393.90      1.5
394.00      1.5
394.10      1.5
394.20      1.5
394.30      1.5
394.40      1.5
394.50      1.5
394.60      1.5
394.70      1.5
394.80      1.5
394.90      1.5
395.00      1.5
395.10      1.5
395.20      1.5
395.30      1.5
395.40      1.5
395.50      1.5
395.60      1.5
395.70      1.5
395.80      1.5
395.90      1.5
396.00      1.5
396.10      1.5
396.20      1.5
396.30      1.5
396.40      1.5
396.50      1.5
396.60      1.5
396.70      1.5
396.80      1.5
396.90      1.5
397.00      1.5
397.10      1.5
397.20      1.5
397.30      1.5
397.40      1.5
397.50      1.5
397.60      1.5
397.70      1.5
397.80      1.5
397.90      1.5
398.00      1.5
398.10      1.5
398.20      1.5
398.30      1.5
398.40      1.5
398.50      1.5
398.60      1.5
398.70      1.5
398.80      1.5
398.90      1.5
399.00      1.5
399.10      1.5
399.20      1.5
399.30      1.5
399.40      1.5
399.50      1.5
399.60      1.5
399.70      1.5
399.80      1.5
399.90      1.5
400.00      1.5
400.10      1.5
400.20      1.5
400.30      1.5
400.40      1.5
400.50      1.5
400.60      1.5
400.70      1.5
400.80      1.5
400.90      1.5
401.00      1.5
401.10      1.5
401.20      1.5
401.30      1.5
401.40      1.5
401.50      1.5
401.60      1.5
401.70      1.5
401.80      1.5
401.90      1.5
402.00      1.5
402.10      1.5
402.20      1.5
402.30      1.5
402.40      1.5
402.50      1.5
402.60      1.5
402.70      1.5
402.80      1.5
402.90      1.5
403.00      1.5
403.10      1.5
403.20      1.5
403.30      1.5
403.40      1.5
403.50      1.5
403.60      1.5
403.70      1.5
403.80      1.5
403.90      1.5
404.00      1.5
404.10      1.5
404.20      1.5
404.30      1.5
404.40      1.5
404.50      1.5
404.60      1.5
404.70      1.5
404.80      1.5
404.90      1.5
405.00      1.5
405.10      1.5
405.20      1.5
405.30      1.5
405.40      1.5
405.50      1.5
405.60      1.5
405.70      1.5
405.80      1.5
405.90      1.5
406.00      1.5
406.10      1.5
406.20      1.5
406.30      1.5
406.40      1.5
406.50      1.5
406.60      1.5
406.70      1.5
406.80      1.5
406.90      1.7
407.00      1.5
407.10      1.7
407.20      1.5
407.30      1.7
407.40      1.5
407.50      1.7
407.60      1.5
407.70      1.7
407.80      1.7
407.90      1.7
408.00      1.7
408.10      1.7
408.20      1.7
408.30      1.7
408.40      1.7
408.50      1.7
408.60      1.7
408.70      1.7
408.80      1.7
408.90      1.7
409.00      1.7
409.10      1.7
409.20      1.7
409.30      1.7
409.40      1.7
409.50      1.7
409.60      1.7
409.70      1.7
409.80      1.7
409.90      1.7
410.00      1.7
410.10      1.7
410.20      1.7
410.30      1.7
410.40      1.7
410.50      1.7
410.60      1.7
410.70      1.7
410.80      1.7
410.90      1.7
411.00      1.7
411.10      1.7
411.20      1.7
411.30      2.0
411.40      1.7
411.50      2.0
411.60      2.0
411.70      2.0
411.80      2.0
411.90      2.0
412.00      2.0
412.10      2.0
412.20      2.0
412.30      2.0
412.40      2.0
412.50      2.0
412.60      2.0
412.70      2.0
412.80      2.0
412.90      2.0
413.00      2.0
413.10      2.0
413.20      2.0
413.30      2.2
413.40      2.2
413.50      2.2
413.60      2.2
413.70      2.2
413.80      2.2
413.90      2.2
414.00      2.2
414.10      2.2
414.20      2.2
414.30      2.2
414.40      2.2
414.50      2.2
414.60      2.2
414.70      2.4
414.80      2.4
414.90      2.4
415.00      2.4
415.10      2.4
415.20      2.4
415.30      2.4
415.40      2.4
415.50      2.4
415.60      2.7
415.70      2.7
415.80      2.7
415.90      2.7
416.00      2.7
416.10      2.7
416.20      2.7
416.30      2.7
416.40      2.7
416.50      2.9
416.60      2.9
416.70      2.9
416.80      2.9
416.90      2.9
417.00      2.9
417.10      3.2
417.20      3.2
417.30      3.2
417.40      3.2
417.50      3.2
417.60      3.2
417.70      3.4
417.80      3.4
417.90      3.4
418.00      3.4
418.10      3.4
418.20      3.4
418.30      3.7
418.40      3.7
418.50      3.7
418.60      3.7
418.70      3.9
418.80      3.9
418.90      3.9
419.00      3.9
419.10      4.2
419.20      4.2
419.30      4.2
419.40      4.2
419.50      4.4
419.60      4.4
419.70      4.4
419.80      4.4
419.90      4.4
420.00      4.6
420.10      4.6
420.20      4.6
420.30      4.9
420.40      4.9
420.50      4.9
420.60      4.9
420.70      5.1
420.80      5.1
420.90      5.1
421.00      5.1
421.10      5.4
421.20      5.4
421.30      5.6
421.40      5.6
421.50      5.6
421.60      5.6
421.70      5.9
421.80      5.9
421.90      6.1
422.00      6.1
422.10      6.1
422.20      6.1
422.30      6.3
422.40      6.3
422.50      6.6
422.60      6.6
422.70      6.6
422.80      6.8
422.90      6.8
423.00      6.8
423.10      7.1
423.20      7.1
423.30      7.3
423.40      7.3
423.50      7.6
423.60      7.6
423.70      7.8
423.80      7.8
423.90      7.8
424.00      8.1
424.10      8.1
424.20      8.3
424.30      8.3
424.40      8.5
424.50      8.5
424.60      8.8
424.70      8.8
424.80      9.0
424.90      9.0
425.00      9.3
425.10      9.5
425.20      9.5
425.30      9.8
425.40      9.8
425.50      10.0
425.60      10.0
425.70      10.3
425.80      10.3
425.90      10.5
426.00      10.5
426.10      10.7
426.20      11.0
426.30      11.0
426.40      11.2
426.50      11.5
426.60      11.5
426.70      11.7
426.80      12.0
426.90      12.2
427.00      12.2
427.10      12.5
427.20      12.7
427.30      12.9
427.40      13.2
427.50      13.4
427.60      13.7
427.70      13.7
427.80      13.9
427.90      14.2
428.00      14.4
428.10      14.7
428.20      14.9
428.30      15.1
428.40      15.4
428.50      15.6
428.60      16.1
428.70      16.4
428.80      16.4
428.90      16.8
429.00      17.1
429.10      17.3
429.20      17.6
429.30      18.1
429.40      18.3
429.50      18.6
429.60      19.0
429.70      19.3
429.80      19.5
429.90      20.0
430.00      20.3
430.10      20.8
430.20      20.8
430.30      21.2
430.40      21.7
430.50      22.0
430.60      22.5
430.70      23.0
430.80      23.2
430.90      23.4
431.00      23.9
431.10      24.4
431.20      24.9
431.30      25.2
431.40      25.9
431.50      26.1
431.60      26.6
431.70      27.1
431.80      27.6
431.90      28.1
432.00      28.6
432.10      29.1
432.20      29.5
432.30      30.0
432.40      30.5
432.50      31.3
432.60      31.5
432.70      32.0
432.80      32.7
432.90      33.2
433.00      33.7
433.10      34.2
433.20      34.9
433.30      35.4
433.40      35.9
433.50      36.6
433.60      37.1
433.70      37.6
433.80      38.3
433.90      39.1
434.00      39.6
434.10      40.3
434.20      41.0
434.30      41.8
434.40      42.2
434.50      43.2
434.60      44.0
434.70      44.7
434.80      45.2
434.90      46.2
435.00      46.9
435.10      47.4
435.20      48.4
435.30      49.3
435.40      49.8
435.50      50.5
435.60      51.5
435.70      52.3
435.80      52.7
435.90      53.7
436.00      54.7
436.10      55.7
436.20      56.2
436.30      57.4
436.40      58.4
436.50      59.1
436.60      59.8
436.70      61.1
436.80      62.0
436.90      62.8
437.00      63.7
437.10      64.7
437.20      65.4
437.30      66.2
437.40      67.4
437.50      68.4
437.60      68.9
437.70      69.8
437.80      71.1
437.90      71.8
438.00      72.5
438.10      73.7
438.20      74.7
438.30      75.5
438.40      76.4
438.50      77.7
438.60      78.4
438.70      79.4
438.80      80.6
438.90      81.8
439.00      82.5
439.10      83.8
439.20      85.2
439.30      86.2
439.40      86.9
439.50      88.4
439.60      89.9
439.70      90.6
439.80      91.8
439.90      93.3
440.00      94.3
440.10      95.2
440.20      96.7
440.30      97.9
440.40      98.7
440.50      99.9
440.60      101.1
440.70      102.1
440.80      102.8
440.90      104.3
441.00      105.7
441.10      106.5
441.20      107.9
441.30      109.4
441.40      110.4
441.50      111.1
441.60      112.6
441.70      114.0
441.80      114.8
441.90      116.0
442.00      117.7
442.10      118.9
442.20      119.9
442.30      121.6
442.40      123.6
442.50      124.5
442.60      125.8
442.70      127.7
442.80      129.2
442.90      130.2
443.00      132.1
443.10      134.3
443.20      135.3
443.30      136.8
443.40      138.9
443.50      140.7
443.60      141.9
443.70      143.8
443.80      146.3
443.90      147.7
444.00      149.2
444.10      151.6
444.20      153.8
444.30      155.1
444.40      157.3
444.50      160.0
444.60      161.7
444.70      163.4
444.80      166.3
444.90      168.7
445.00      170.2
445.10      172.6
445.20      175.6
445.30      177.5
445.40      179.5
445.50      182.7
445.60      185.3
445.70      187.1
445.80      189.7
445.90      192.9
446.00      195.1
446.10      197.1
446.20      200.5
446.30      203.7
446.40      205.6
446.50      208.1
446.60      211.7
446.70      214.2
446.80      216.4
446.90      219.8
447.00      223.4
447.10      225.6
447.20      228.3
447.30      232.2
447.40      235.4
447.50      237.6
447.60      241.3
447.70      245.4
447.80      247.9
447.90      250.5
448.00      254.9
448.10      258.1
448.20      260.3
448.30      264.2
448.40      268.6
448.50      270.8
448.60      273.5
448.70      277.9
448.80      281.6
448.90      283.8
449.00      287.4
449.10      291.8
449.20      294.3
449.30      296.9
449.40      301.3
449.50      305.3
449.60      307.2
449.70      311.1
449.80      315.5
449.90      318.2
450.00      320.4
450.10      325.3
450.20      329.7
450.30      331.9
450.40      335.3
450.50      340.4
450.60      343.1
450.70      345.5
450.80      349.9
450.90      354.3
451.00      356.0
451.10      359.0
451.20      363.9
451.30      366.8
451.40      368.3
451.50      372.4
451.60      376.6
451.70      377.8
451.80      380.0
451.90      384.6
452.00      387.3
452.10      388.5
452.20      391.9
452.30      395.8
452.40      397.1
452.50      399.0
452.60      403.2
452.70      405.9
452.80      406.6
452.90      409.8
453.00      413.7
453.10      414.7
453.20      416.1
453.30      420.0
453.40      422.5
453.50      423.0
453.60      425.4
453.70      429.1
453.80      430.0
453.90      430.5
454.00      433.9
454.10      436.4
454.20      436.1
454.30      438.1
454.40      441.5
454.50      442.0
454.60      441.8
454.70      444.7
454.80      446.9
454.90      446.4
455.00      447.4
455.10      450.3
455.20      450.5
455.30      449.8
455.40      452.3
455.50      454.2
455.60      453.0
455.70      453.5
455.80      455.9
455.90      455.9
456.00      454.7
456.10      456.2
456.20      458.1
456.30      456.7
456.40      456.2
456.50      458.1
456.60      457.9
456.70      455.9
456.80      457.1
456.90      458.4
457.00      456.7
457.10      455.4
457.20      456.9
457.30      456.7
457.40      454.0
457.50      454.5
457.60      455.4
457.70      453.2
457.80      451.3
457.90      452.3
458.00      451.8
458.10      448.8
458.20      448.4
458.30      448.8
458.40      446.4
458.50      444.0
458.60      444.2
458.70      443.5
458.80      440.3
458.90      438.8
459.00      439.1
459.10      436.1
459.20      433.2
459.30      433.0
459.40      432.0
459.50      428.1
459.60      426.1
459.70      425.6
459.80      423.0
459.90      419.0
460.00      418.1
460.10      416.6
460.20      412.7
460.30      409.8
460.40      409.0
460.50      405.9
460.60      401.7
460.70      400.0
460.80      398.5
460.90      394.1
461.00      390.7
461.10      389.5
461.20      386.3
461.30      381.9
461.40      379.7
461.50      378.0
461.60      373.6
461.70      369.7
461.80      368.3
461.90      365.1
462.00      360.4
462.10      358.0
462.20      356.3
462.30      351.9
462.40      348.0
462.50      346.3
462.60      343.3
462.70      338.7
462.80      336.3
462.90      334.3
463.00      330.2
463.10      326.0
463.20      324.1
463.30      321.4
463.40      317.0
463.50      314.0
463.60      311.8
463.70      307.9
463.80      304.0
463.90      301.8
464.00      299.4
464.10      295.2
464.20      292.1
464.30      290.4
464.40      286.7
464.50      283.0
464.60      281.1
464.70      278.9
464.80      275.0
464.90      272.3
465.00      270.6
465.10      267.4
465.20      264.0
465.30      262.0
465.40      260.3
465.50      256.7
465.60      254.0
465.70      252.3
465.80      249.8
465.90      246.4
466.00      244.7
466.10      243.0
466.20      239.8
466.30      236.9
466.40      235.4
466.50      233.0
466.60      229.8
466.70      228.1
466.80      226.6
466.90      223.7
467.00      221.2
467.10      220.0
467.20      218.1
467.30      215.1
467.40      213.7
467.50      212.7
467.60      210.0
467.70      207.8
467.80      206.8
467.90      205.4
468.00      202.9
468.10      201.2
468.20      200.5
468.30      198.3
468.40      196.1
468.50      195.4
468.60      193.9
468.70      191.5
468.80      190.2
468.90      189.3
469.00      187.3
469.10      185.3
469.20      184.4
469.30      183.2
469.40      181.0
469.50      179.5
469.60      178.8
469.70      177.0
469.80      175.1
469.90      174.1
470.00      173.1
470.10      170.9
470.20      169.7
470.30      169.0
470.40      167.3
470.50      165.3
470.60      164.6
470.70      163.6
470.80      161.7
470.90      160.4
471.00      159.7
471.10      158.2
471.20      156.5
471.30      155.6
471.40      154.8
471.50      153.1
471.60      151.6
471.70      151.2
471.80      149.7
471.90      148.0
472.00      147.3
472.10      146.5
472.20      144.8
472.30      143.6
472.40      142.9
472.50      141.9
472.60      140.2
472.70      139.2
472.80      138.7
472.90      137.0
473.00      135.5
473.10      135.0
473.20      134.1
473.30      132.4
473.40      131.6
473.50      130.9
473.60      129.4
473.70      128.2
473.80      127.5
473.90      126.5
474.00      125.0
474.10      124.1
474.20      123.6
474.30      122.1
474.40      120.6
474.50      119.9
474.60      119.2
474.70      117.5
474.80      116.5
474.90      115.8
475.00      114.5
475.10      113.1
475.20      112.3
475.30      111.6
475.40      110.1
475.50      108.9
475.60      108.4
475.70      107.0
475.80      105.5
475.90      104.8
476.00      104.0
476.10      102.6
476.20      101.3
476.30      100.6
476.40      99.4
476.50      97.9
476.60      97.2
476.70      96.5
476.80      95.0
476.90      93.8
477.00      93.0
477.10      92.1
477.20      90.6
477.30      89.9
477.40      89.1
477.50      87.7
477.60      86.4
477.70      85.7
477.80      84.7
477.90      83.5
478.00      82.5
478.10      82.1
478.20      80.8
478.30      79.6
478.40      78.9
478.50      78.1
478.60      76.9
478.70      76.2
478.80      75.5
478.90      74.2
479.00      73.3
479.10      72.5
479.20      71.8
479.30      70.6
479.40      69.8
479.50      69.4
479.60      68.1
479.70      67.2
479.80      66.7
479.90      65.9
480.00      64.7
480.10      64.0
480.20      63.5
480.30      62.5
480.40      61.5
480.50      61.1
480.60      60.6
480.70      59.6
480.80      58.9
480.90      58.4
481.00      57.4
481.10      56.7
481.20      56.2
481.30      55.7
481.40      54.7
481.50      54.0
481.60      53.7
481.70      53.0
481.80      52.0
481.90      51.8
482.00      51.3
482.10      50.5
482.20      49.8
482.30      49.3
482.40      48.6
482.50      47.9
482.60      47.6
482.70      47.1
482.80      46.4
482.90      45.7
483.00      45.4
483.10      44.9
483.20      44.2
483.30      43.7
483.40      43.5
483.50      43.0
483.60      42.2
483.70      42.0
483.80      41.8
483.90      41.0
484.00      40.8
484.10      40.5
484.20      39.8
484.30      39.6
484.40      39.3
484.50      38.8
484.60      38.3
484.70      38.1
484.80      37.6
484.90      37.1
485.00      36.9
485.10      36.6
485.20      36.1
485.30      35.9
485.40      35.4
485.50      35.2
485.60      34.9
485.70      34.4
485.80      34.2
485.90      33.9
486.00      33.5
486.10      33.2
486.20      33.0
486.30      32.7
486.40      32.2
486.50      32.0
486.60      31.7
486.70      31.5
486.80      31.0
486.90      31.0
487.00      30.5
487.10      30.3
487.20      30.0
487.30      29.8
487.40      29.5
487.50      29.3
487.60      29.1
487.70      28.8
487.80      28.3
487.90      28.3
488.00      28.1
488.10      27.8
488.20      27.6
488.30      27.4
488.40      27.1
488.50      26.9
488.60      26.6
488.70      26.6
488.80      26.1
488.90      25.9
489.00      25.9
489.10      25.6
489.20      25.2
489.30      25.2
489.40      24.9
489.50      24.7
489.60      24.4
489.70      24.4
489.80      24.2
489.90      23.9
490.00      23.7
490.10      23.4
490.20      23.2
490.30      23.0
490.40      23.0
490.50      22.7
490.60      22.5
490.70      22.2
490.80      22.0
490.90      21.7
491.00      21.5
491.10      21.5
491.20      21.2
491.30      21.0
491.40      20.8
491.50      20.8
491.60      20.5
491.70      20.3
491.80      20.0
491.90      20.0
492.00      19.5
492.10      19.5
492.20      19.3
492.30      19.0
492.40      18.8
492.50      18.8
492.60      18.6
492.70      18.3
492.80      18.1
492.90      18.1
493.00      17.8
493.10      17.6
493.20      17.3
493.30      17.3
493.40      17.1
493.50      16.8
493.60      16.8
493.70      16.6
493.80      16.4
493.90      16.1
494.00      16.1
494.10      15.9
494.20      15.6
494.30      15.6
494.40      15.4
494.50      15.1
494.60      14.9
494.70      14.9
494.80      14.7
494.90      14.4
495.00      14.4
495.10      14.2
495.20      13.9
495.30      13.9
495.40      13.7
495.50      13.7
495.60      13.4
495.70      13.4
495.80      13.2
495.90      12.9
496.00      12.9
496.10      12.7
496.20      12.7
496.30      12.5
496.40      12.5
496.50      12.2
496.60      12.0
496.70      12.0
496.80      11.7
496.90      11.7
497.00      11.5
497.10      11.5
497.20      11.2
497.30      11.2
497.40      11.0
497.50      11.0
497.60      10.7
497.70      10.7
497.80      10.7
497.90      10.5
498.00      10.5
498.10      10.3
498.20      10.3
498.30      10.0
498.40      10.0
498.50      10.0
498.60      9.8
498.70      9.8
498.80      9.5
498.90      9.5
499.00      9.3
499.10      9.3
499.20      9.3
499.30      9.3
499.40      9.0
499.50      9.0
499.60      8.8
499.70      8.8
499.80      8.8
499.90      8.5
500.00      8.5
500.10      8.5
500.20      8.3
500.30      8.3
500.40      8.3
500.50      8.3
500.60      8.1
500.70      8.1
500.80      8.1
500.90      7.8
501.00      7.8
501.10      7.8
501.20      7.6
501.30      7.6
501.40      7.6
501.50      7.6
501.60      7.3
501.70      7.3
501.80      7.3
501.90      7.3
502.00      7.1
502.10      7.1
502.20      7.1
502.30      7.1
502.40      7.1
502.50      6.8
502.60      6.8
502.70      6.8
502.80      6.8
502.90      6.8
503.00      6.6
503.10      6.6
503.20      6.6
503.30      6.6
503.40      6.3
503.50      6.3
503.60      6.3
503.70      6.3
503.80      6.3
503.90      6.3
504.00      6.1
504.10      6.1
504.20      6.1
504.30      6.1
504.40      6.1
504.50      6.1
504.60      5.9
504.70      5.9
504.80      5.9
504.90      5.9
505.00      5.9
505.10      5.9
505.20      5.6
505.30      5.6
505.40      5.6
505.50      5.6
505.60      5.6
505.70      5.6
505.80      5.4
505.90      5.4
506.00      5.4
506.10      5.4
506.20      5.4
506.30      5.4
506.40      5.4
506.50      5.1
506.60      5.1
506.70      5.1
506.80      5.1
506.90      5.1
507.00      5.1
507.10      5.1
507.20      4.9
507.30      4.9
507.40      4.9
507.50      4.9
507.60      4.9
507.70      4.9
507.80      4.9
507.90      4.6
508.00      4.6
508.10      4.6
508.20      4.6
508.30      4.6
508.40      4.6
508.50      4.6
508.60      4.4
508.70      4.4
508.80      4.4
508.90      4.4
509.00      4.4
509.10      4.4
509.20      4.4
509.30      4.4
509.40      4.2
509.50      4.4
509.60      4.2
509.70      4.2
509.80      4.2
509.90      4.2
510.00      4.2
510.10      4.2
510.20      4.2
510.30      4.2
510.40      3.9
510.50      3.9
510.60      3.9
510.70      3.9
510.80      3.9
510.90      3.9
511.00      3.9
511.10      3.9
511.20      3.7
511.30      3.7
511.40      3.7
511.50      3.7
511.60      3.7
511.70      3.7
511.80      3.7
511.90      3.7
512.00      3.7
512.10      3.7
512.20      3.4
512.30      3.4
512.40      3.4
512.50      3.4
512.60      3.4
512.70      3.4
512.80      3.4
512.90      3.4
513.00      3.4
513.10      3.4
513.20      3.4
513.30      3.4
513.40      3.2
513.50      3.2
513.60      3.2
513.70      3.2
513.80      3.2
513.90      3.2
514.00      3.2
514.10      3.2
514.20      3.2
514.30      3.2
514.40      3.2
514.50      3.2
514.60      2.9
514.70      2.9
514.80      2.9
514.90      2.9
515.00      2.9
515.10      2.9
515.20      2.9
515.30      2.9
515.40      2.9
515.50      2.9
515.60      2.9
515.70      2.9
515.80      2.9
515.90      2.9
516.00      2.9
516.10      2.9
516.20      2.7
516.30      2.9
516.40      2.7
516.50      2.7
516.60      2.7
516.70      2.7
516.80      2.7
516.90      2.7
517.00      2.7
517.10      2.7
517.20      2.7
517.30      2.7
517.40      2.7
517.50      2.7
517.60      2.7
517.70      2.7
517.80      2.7
517.90      2.7
518.00      2.7
518.10      2.7
518.20      2.4
518.30      2.7
518.40      2.4
518.50      2.7
518.60      2.4
518.70      2.4
518.80      2.4
518.90      2.4
519.00      2.4
519.10      2.4
519.20      2.4
519.30      2.4
519.40      2.4
519.50      2.4
519.60      2.4
519.70      2.4
519.80      2.4
519.90      2.4
520.00      2.4
520.10      2.4
520.20      2.4
520.30      2.4
520.40      2.4
520.50      2.4
520.60      2.4
520.70      2.4
520.80      2.4
520.90      2.4
521.00      2.4
521.10      2.4
521.20      2.2
521.30      2.4
521.40      2.2
521.50      2.4
521.60      2.2
521.70      2.4
521.80      2.2
521.90      2.2
522.00      2.2
522.10      2.2
522.20      2.2
522.30      2.2
522.40      2.2
522.50      2.2
522.60      2.2
522.70      2.2
522.80      2.2
522.90      2.2
523.00      2.2
523.10      2.2
523.20      2.2
523.30      2.2
523.40      2.2
523.50      2.2
523.60      2.2
523.70      2.2
523.80      2.2
523.90      2.2
524.00      2.2
524.10      2.2
524.20      2.2
524.30      2.2
524.40      2.2
524.50      2.2
524.60      2.2
524.70      2.2
524.80      2.2
524.90      2.2
525.00      2.2
525.10      2.2
525.20      2.0
525.30      2.2
525.40      2.0
525.50      2.2
525.60      2.0
525.70      2.2
525.80      2.0
525.90      2.2
526.00      2.0
526.10      2.0
526.20      2.0
526.30      2.0
526.40      2.0
526.50      2.0
526.60      2.0
526.70      2.0
526.80      2.0
526.90      2.0
527.00      2.0
527.10      2.0
527.20      2.0
527.30      2.0
527.40      2.0
527.50      2.0
527.60      2.0
527.70      2.0
527.80      2.0
527.90      2.0
528.00      2.0
528.10      2.0
528.20      2.0
528.30      2.0
528.40      2.0
528.50      2.0
528.60      2.0
528.70      2.0
528.80      2.0
528.90      2.0
529.00      2.0
529.10      2.0
529.20      2.0
529.30      2.0
529.40      2.0
529.50      2.0
529.60      2.0
529.70      2.0
529.80      2.0
529.90      2.0
530.00      2.0
530.10      2.0
530.20      2.0
530.30      2.0
530.40      2.0
530.50      2.0
530.60      2.0
530.70      2.0
530.80      2.0
530.90      2.0
531.00      2.0
531.10      2.0
531.20      2.0
531.30      2.0
531.40      2.0
531.50      2.0
531.60      1.7
531.70      2.0
531.80      1.7
531.90      2.0
532.00      1.7
532.10      2.0
532.20      1.7
532.30      2.0
532.40      1.7
532.50      2.0
532.60      1.7
532.70      2.0
532.80      1.7
532.90      2.0
533.00      1.7
533.10      1.7
533.20      1.7
533.30      1.7
533.40      1.7
533.50      1.7
533.60      1.7
533.70      1.7
533.80      1.7
533.90      1.7
534.00      1.7
534.10      1.7
534.20      1.7
534.30      1.7
534.40      1.7
534.50      1.7
534.60      1.7
534.70      1.7
534.80      1.7
534.90      1.7
535.00      1.7
535.10      1.7
535.20      1.7
535.30      1.7
535.40      1.7
535.50      1.7
535.60      1.7
535.70      1.7
535.80      1.7
535.90      1.7
536.00      1.7
536.10      1.7
536.20      1.7
536.30      1.7
536.40      1.7
536.50      1.7
536.60      1.7
536.70      1.7
536.80      1.7
536.90      1.7
537.00      1.7
537.10      1.7
537.20      1.7
537.30      1.7
537.40      1.7
537.50      1.7
537.60      1.7
537.70      1.7
537.80      1.7
537.90      1.7
538.00      1.7
538.10      1.7
538.20      1.7
538.30      1.7
538.40      1.7
538.50      1.7
538.60      1.7
538.70      1.7
538.80      1.7
538.90      1.7
539.00      1.7
539.10      1.7
539.20      1.7
539.30      1.7
539.40      1.7
539.50      1.7
539.60      1.7
539.70      1.7
539.80      1.7
539.90      1.7
540.00      1.7
540.10      1.7
540.20      1.7
540.30      1.7
540.40      1.7
540.50      1.7
540.60      1.7
540.70      1.7
540.80      1.7
540.90      1.7
541.00      1.7
541.10      1.7
541.20      1.7
541.30      1.7
541.40      1.7
541.50      1.7
541.60      1.7
541.70      1.7
541.80      1.7
541.90      1.7
542.00      1.7
542.10      1.7
542.20      1.5
542.30      1.7
542.40      1.7
542.50      1.7
542.60      1.7
542.70      1.7
542.80      1.5
542.90      1.7
543.00      1.5
543.10      1.7
543.20      1.5
543.30      1.7
543.40      1.5
543.50      1.7
543.60      1.5
543.70      1.7
543.80      1.5
543.90      1.7
544.00      1.5
544.10      1.5
544.20      1.5
544.30      1.5
544.40      1.5
544.50      1.5
544.60      1.5
544.70      1.7
544.80      1.5
544.90      1.7
545.00      1.5
545.10      1.5
545.20      1.5
545.30      1.5
545.40      1.5
545.50      1.5
545.60      1.5
545.70      1.5
545.80      1.5
545.90      1.5
546.00      1.5
546.10      1.5
546.20      1.5
546.30      1.5
546.40      1.5
546.50      1.5
546.60      1.5
546.70      1.5
546.80      1.5
546.90      1.5
547.00      1.5
547.10      1.5
547.20      1.5
547.30      1.5
547.40      1.5
547.50      1.5
547.60      1.5
547.70      1.5
547.80      1.5
547.90      1.5
548.00      1.5
548.10      1.5
548.20      1.5
548.30      1.5
548.40      1.5
548.50      1.5
548.60      1.5
548.70      1.5
548.80      1.5
548.90      1.5
549.00      1.5
549.10      1.5
549.20      1.5
549.30      1.5
549.40      1.5
549.50      1.5
549.60      1.5
549.70      1.5
549.80      1.5
549.90      1.5
550.00      1.5
550.10      1.5
550.20      1.5
550.30      1.5
550.40      1.5
550.50      1.5
550.60      1.5
550.70      1.5
550.80      1.5
550.90      1.5
551.00      1.5
551.10      1.5
551.20      1.5
551.30      1.5
551.40      1.5
551.50      1.5
551.60      1.5
551.70      1.5
551.80      1.5
551.90      1.5
552.00      1.5
552.10      1.5
552.20      1.5
552.30      1.5
552.40      1.5
552.50      1.5
552.60      1.5
552.70      1.5
552.80      1.5
552.90      1.5
553.00      1.5
553.10      1.5
553.20      1.5
553.30      1.5
553.40      1.5
553.50      1.5
553.60      1.5
553.70      1.5
553.80      1.5
553.90      1.5
554.00      1.5
554.10      1.5
554.20      1.5
554.30      1.5
554.40      1.5
554.50      1.5
554.60      1.5
554.70      1.5
554.80      1.5
554.90      1.5
555.00      1.5
555.10      1.5
555.20      1.5
555.30      1.5
555.40      1.5
555.50      1.5
555.60      1.5
555.70      1.5
555.80      1.5
555.90      1.5
556.00      1.5
556.10      1.5
556.20      1.5
556.30      1.5
556.40      1.5
556.50      1.5
556.60      1.5
556.70      1.5
556.80      1.5
556.90      1.5
557.00      1.5
557.10      1.5
557.20      1.5
557.30      1.5
557.40      1.5
557.50      1.5
557.60      1.5
557.70      1.5
557.80      1.5
557.90      1.5
558.00      1.5
558.10      1.5
558.20      1.5
558.30      1.5
558.40      1.5
558.50      1.5
558.60      1.5
558.70      1.5
558.80      1.5
558.90      1.5
559.00      1.5
559.10      1.5
559.20      1.5
559.30      1.5
559.40      1.5
559.50      1.5
559.60      1.5
559.70      1.5
559.80      1.5
559.90      1.5
560.00      1.5
560.10      1.5
560.20      1.5
560.30      1.5
560.40      1.5
560.50      1.5
560.60      1.5
560.70      1.5
560.80      1.5
560.90      1.5
561.00      1.5
561.10      1.7
561.20      1.5
561.30      1.7
561.40      1.5
561.50      1.7
561.60      1.7
561.70      1.7
561.80      1.7
561.90      1.7
562.00      1.7
562.10      1.7
562.20      1.7
562.30      1.7
562.40      1.7
562.50      1.7
562.60      1.7
562.70      1.7
562.80      1.7
562.90      1.7
563.00      1.7
563.10      1.7
563.20      1.7
563.30      1.7
563.40      1.7
563.50      1.7
563.60      1.7
563.70      1.7
563.80      1.7
563.90      1.7
564.00      1.7
564.10      1.7
564.20      1.7
564.30      2.0
564.40      1.7
564.50      2.0
564.60      2.0
564.70      2.0
564.80      2.0
564.90      2.0
565.00      2.0
565.10      2.0
565.20      2.0
565.30      2.0
565.40      2.0
565.50      2.0
565.60      2.0
565.70      2.0
565.80      2.0
565.90      2.0
566.00      2.0
566.10      2.0
566.20      2.0
566.30      2.2
566.40      2.0
566.50      2.2
566.60      2.0
566.70      2.2
566.80      2.2
566.90      2.2
567.00      2.2
567.10      2.2
567.20      2.2
567.30      2.2
567.40      2.2
567.50      2.2
567.60      2.2
567.70      2.2
567.80      2.2
567.90      2.2
568.00      2.2
568.10      2.2
568.20      2.2
568.30      2.2
568.40      2.2
568.50      2.4
568.60      2.2
568.70      2.4
568.80      2.4
568.90      2.4
569.00      2.4
569.10      2.4
569.20      2.4
569.30      2.4
569.40      2.4
569.50      2.4
569.60      2.4
569.70      2.4
569.80      2.4
569.90      2.4
570.00      2.4
570.10      2.7
570.20      2.4
570.30      2.7
570.40      2.4
570.50      2.7
570.60      2.7
570.70      2.7
570.80      2.7
570.90      2.7
571.00      2.7
571.10      2.7
571.20      2.7
571.30      2.7
571.40      2.7
571.50      2.7
571.60      2.7
571.70      2.9
571.80      2.9
571.90      2.9
572.00      2.9
572.10      2.9
572.20      2.9
572.30      2.9
572.40      2.9
572.50      2.9
572.60      2.9
572.70      2.9
572.80      2.9
572.90      3.2
573.00      3.2
573.10      3.2
573.20      3.2
573.30      3.2
573.40      3.2
573.50      3.2
573.60      3.2
573.70      3.2
573.80      3.2
573.90      3.4
574.00      3.4
574.10      3.4
574.20      3.4
574.30      3.4
574.40      3.4
574.50      3.4
574.60      3.4
574.70      3.4
574.80      3.4
574.90      3.7
575.00      3.7
575.10      3.7
575.20      3.7
575.30      3.7
575.40      3.7
575.50      3.7
575.60      3.7
575.70      3.9
575.80      3.9
575.90      3.9
576.00      3.9
576.10      3.9
576.20      3.9
576.30      4.2
576.40      4.2
576.50      4.2
576.60      4.2
576.70      4.2
576.80      4.2
576.90      4.2
577.00      4.2
577.10      4.4
577.20      4.4
577.30      4.4
577.40      4.4
577.50      4.4
577.60      4.4
577.70      4.6
577.80      4.6
577.90      4.6
578.00      4.6
578.10      4.6
578.20      4.6
578.30      4.9
578.40      4.9
578.50      4.9
578.60      4.9
578.70      4.9
578.80      4.9
578.90      5.1
579.00      5.1
579.10      5.1
579.20      5.1
579.30      5.1
579.40      5.4
579.50      5.4
579.60      5.4
579.70      5.4
579.80      5.4
579.90      5.6
580.00      5.6
580.10      5.6
580.20      5.6
580.30      5.6
580.40      5.9
580.50      5.9
580.60      5.9
580.70      5.9
580.80      5.9
580.90      6.1
581.00      6.1
581.10      6.1
581.20      6.1
581.30      6.1
581.40      6.1
581.50      6.3
581.60      6.3
581.70      6.3
581.80      6.3
581.90      6.6
582.00      6.6
582.10      6.6
582.20      6.6
582.30      6.8
582.40      6.8
582.50      6.8
582.60      6.8
582.70      7.1
582.80      7.1
582.90      7.1
583.00      7.1
583.10      7.3
583.20      7.3
583.30      7.3
583.40      7.3
583.50      7.6
583.60      7.6
583.70      7.6
583.80      7.6
583.90      7.8
584.00      7.8
584.10      7.8
584.20      7.8
584.30      8.1
584.40      8.1
584.50      8.1
584.60      8.1
584.70      8.3
584.80      8.3
584.90      8.3
585.00      8.5
585.10      8.5
585.20      8.5
585.30      8.5
585.40      8.8
585.50      8.8
585.60      8.8
585.70      9.0
585.80      9.0
585.90      9.0
586.00      9.3
586.10      9.3
586.20      9.3
586.30      9.5
586.40      9.5
586.50      9.5
586.60      9.8
586.70      9.8
586.80      9.8
586.90      10.0
587.00      10.0
587.10      10.0
587.20      10.3
587.30      10.3
587.40      10.5
587.50      10.5
587.60      10.5
587.70      10.7
587.80      10.7
587.90      11.0
588.00      11.0
588.10      11.2
588.20      11.2
588.30      11.2
588.40      11.5
588.50      11.5
588.60      11.7
588.70      11.7
588.80      12.0
588.90      12.0
589.00      12.2
589.10      12.5
589.20      12.5
589.30      12.5
589.40      12.7
589.50      12.9
589.60      12.9
589.70      13.2
589.80      13.2
589.90      13.4
590.00      13.4
590.10      13.7
590.20      13.7
590.30      13.9
590.40      14.2
590.50      14.2
590.60      14.4
590.70      14.4
590.80      14.7
590.90      14.9
591.00      14.9
591.10      15.1
591.20      15.4
591.30      15.4
591.40      15.6
591.50      15.9
591.60      15.9
591.70      16.1
591.80      16.4
591.90      16.6
592.00      16.6
592.10      16.8
592.20      17.1
592.30      17.3
592.40      17.3
592.50      17.6
592.60      17.8
592.70      18.1
592.80      18.1
592.90      18.3
593.00      18.6
593.10      18.8
593.20      18.8
593.30      19.0
593.40      19.3
593.50      19.5
593.60      19.8
593.70      20.0
593.80      20.3
593.90      20.3
594.00      20.5
594.10      20.8
594.20      21.0
594.30      21.2
594.40      21.5
594.50      21.7
594.60      22.0
594.70      22.2
594.80      22.5
594.90      22.7
595.00      23.0
595.10      23.2
595.20      23.4
595.30      23.7
595.40      23.9
595.50      24.2
595.60      24.4
595.70      24.7
595.80      24.9
595.90      25.2
596.00      25.4
596.10      25.6
596.20      25.9
596.30      26.1
596.40      26.4
596.50      26.6
596.60      26.9
596.70      27.1
596.80      27.4
596.90      27.6
597.00      27.8
597.10      28.1
597.20      28.3
597.30      28.8
597.40      28.8
597.50      29.3
597.60      29.5
597.70      29.8
597.80      30.0
597.90      30.5
598.00      30.8
598.10      31.0
598.20      31.3
598.30      31.5
598.40      31.7
598.50      32.2
598.60      32.5
598.70      32.7
598.80      33.0
598.90      33.5
599.00      33.7
599.10      33.9
599.20      34.2
599.30      34.7
599.40      34.9
599.50      35.2
599.60      35.4
599.70      35.9
599.80      36.1
599.90      36.4
600.00      36.9
600.10      37.1
600.20      37.4
600.30      37.9
600.40      38.1
600.50      38.6
600.60      38.8
600.70      39.3
600.80      39.6
600.90      39.8
601.00      40.3
601.10      40.5
601.20      41.0
601.30      41.3
601.40      41.8
601.50      42.0
601.60      42.5
601.70      42.7
601.80      43.2
601.90      43.7
602.00      44.0
602.10      44.4
602.20      44.9
602.30      45.2
602.40      45.7
602.50      46.2
602.60      46.4
602.70      46.9
602.80      47.4
602.90      47.9
603.00      48.1
603.10      48.6
603.20      49.1
603.30      49.6
603.40      50.1
603.50      50.5
603.60      51.0
603.70      51.5
603.80      52.0
603.90      52.7
604.00      53.2
604.10      53.7
604.20      54.2
604.30      54.9
604.40      55.4
604.50      55.9
604.60      56.7
604.70      57.1
604.80      57.6
604.90      58.4
605.00      59.1
605.10      59.6
605.20      60.1
605.30      60.8
605.40      61.5
605.50      62.3
605.60      62.8
605.70      63.7
605.80      64.2
605.90      65.0
606.00      65.7
606.10      66.4
606.20      66.9
606.30      67.6
606.40      68.4
606.50      69.1
606.60      69.8
606.70      70.6
606.80      71.3
606.90      72.0
607.00      72.8
607.10      73.7
607.20      74.2
607.30      75.0
607.40      75.9
607.50      76.7
607.60      77.4
607.70      78.4
607.80      79.1
607.90      80.1
608.00      80.8
608.10      81.8
608.20      82.8
608.30      83.5
608.40      84.2
608.50      85.2
608.60      86.2
608.70      86.9
608.80      87.9
608.90      88.9
609.00      89.9
609.10      90.6
609.20      91.8
609.30      92.8
609.40      93.5
609.50      94.7
609.60      95.7
609.70      96.7
609.80      97.7
609.90      98.7
610.00      99.9
610.10      100.6
610.20      101.8
610.30      103.3
610.40      104.3
610.50      105.3
610.60      106.5
610.70      107.4
610.80      108.4
610.90      109.6
611.00      110.9
611.10      111.8
611.20      113.1
611.30      114.3
611.40      115.5
611.50      116.5
611.60      117.7
611.70      118.9
611.80      120.1
611.90      121.1
612.00      122.1
612.10      123.3
612.20      124.3
612.30      125.3
612.40      126.7
612.50      127.7
612.60      128.9
612.70      130.2
612.80      131.4
612.90      132.6
613.00      133.8
613.10      135.0
613.20      136.3
613.30      137.5
613.40      138.9
613.50      140.2
613.60      141.4
613.70      142.6
613.80      144.1
613.90      145.5
614.00      146.8
614.10      148.2
614.20      149.7
614.30      150.9
614.40      152.1
614.50      153.6
614.60      155.1
614.70      156.3
614.80      157.8
614.90      159.2
615.00      160.7
615.10      161.9
615.20      163.4
615.30      164.8
615.40      166.1
615.50      167.5
615.60      169.2
615.70      170.5
615.80      171.9
615.90      173.6
616.00      175.1
616.10      176.3
616.20      177.8
616.30      179.5
616.40      181.0
616.50      182.4
616.60      184.1
616.70      185.6
616.80      187.1
616.90      188.5
617.00      190.5
617.10      191.9
617.20      193.2
617.30      195.1
617.40      196.8
617.50      198.3
617.60      199.8
617.70      201.7
617.80      203.4
617.90      204.9
618.00      206.8
618.10      208.5
618.20      210.0
618.30      211.7
618.40      213.9
618.50      215.6
618.60      217.3
618.70      219.3
618.80      221.2
618.90      223.0
619.00      224.9
619.10      227.1
619.20      229.1
619.30      230.8
619.40      233.0
619.50      235.2
619.60      237.1
619.70      239.1
619.80      241.5
619.90      243.7
620.00      245.7
620.10      247.9
620.20      250.3
620.30      252.5
620.40      254.5
620.50      257.1
620.60      259.6
620.70      261.5
620.80      264.0
620.90      266.7
621.00      268.9
621.10      271.3
621.20      274.0
621.30      276.7
621.40      278.9
621.50      281.6
621.60      284.5
621.70      287.2
621.80      289.6
621.90      292.6
622.00      295.5
622.10      297.9
622.20      300.9
622.30      304.0
622.40      306.5
622.50      309.2
622.60      312.3
622.70      315.5
622.80      318.2
622.90      321.1
623.00      324.5
623.10      327.2
623.20      330.2
623.30      333.6
623.40      337.0
623.50      339.7
623.60      342.9
623.70      346.5
623.80      349.7
623.90      352.6
624.00      356.3
624.10      360.0
624.20      362.9
624.30      366.3
624.40      370.2
624.50      373.6
624.60      376.8
624.70      380.5
624.80      384.6
624.90      387.8
625.00      391.2
625.10      395.4
625.20      399.0
625.30      402.4
625.40      406.6
625.50      411.2
625.60      414.4
625.70      418.6
625.80      423.0
625.90      426.9
626.00      430.3
626.10      434.4
626.20      439.3
626.30      443.5
626.40      447.1
626.50      451.8
626.60      456.2
626.70      459.8
626.80      464.2
626.90      469.1
627.00      473.3
627.10      477.2
627.20      481.6
627.30      486.4
627.40      490.1
627.50      494.0
627.60      498.9
627.70      502.6
627.80      506.2
627.90      511.6
628.00      516.2
628.10      520.4
628.20      524.5
628.30      529.7
628.40      534.1
628.50      538.0
628.60      543.1
628.70      548.2
628.80      552.1
628.90      556.5
629.00      561.9
629.10      566.5
629.20      570.7
629.30      575.6
629.40      581.0
629.50      585.1
629.60      589.5
629.70      595.1
629.80      600.0
629.90      604.2
630.00      609.3
630.10      614.9
630.20      619.3
630.30      623.7
630.40      629.3
630.50      634.4
630.60      638.6
630.70      643.7
630.80      649.6
630.90      653.7
631.00      658.1
631.10      663.5
631.20      668.6
631.30      672.8
631.40      677.7
631.50      683.3
631.60      687.7
631.70      691.8
631.80      697.2
631.90      702.3
632.00      706.5
632.10      711.1
632.20      716.7
632.30      721.1
632.40      725.3
632.50      730.6
632.60      736.0
632.70      739.9
632.80      744.6
632.90      750.4
633.00      755.1
633.10      759.0
633.20      764.3
633.30      769.7
633.40      773.4
633.50      777.5
633.60      783.2
633.70      787.8
633.80      791.5
633.90      796.3
634.00      801.7
634.10      805.4
634.20      809.3
634.30      814.7
634.40      819.3
634.50      822.7
634.60      827.4
634.70      832.5
634.80      835.9
634.90      839.1
635.00      844.0
635.10      848.1
635.20      851.0
635.30      854.7
635.40      859.3
635.50      862.3
635.60      865.0
635.70      869.1
635.80      872.8
635.90      874.7
636.00      877.7
636.10      881.6
636.20      883.8
636.30      885.0
636.40      888.2
636.50      890.6
636.60      891.3
636.70      892.6
636.80      895.0
636.90      895.7
637.00      895.5
637.10      896.5
637.20      897.7
637.30      896.5
637.40      895.7
637.50      896.2
637.60      895.2
637.70      892.8
637.80      891.8
637.90      890.8
638.00      887.7
638.10      884.5
638.20      882.8
638.30      879.6
638.40      875.2
638.50      871.6
638.60      868.6
638.70      863.5
638.80      858.1
638.90      854.0
639.00      849.1
639.10      842.2
639.20      836.9
639.30      831.5
639.40      824.7
639.50      816.8
639.60      811.0
639.70      804.2
639.80      795.8
639.90      787.8
640.00      781.0
640.10      772.2
640.20      763.1
640.30      755.3
640.40      747.0
640.50      737.0
640.60      727.7
640.70      719.4
640.80      710.1
640.90      699.6
641.00      690.8
641.10      681.3
641.20      671.1
641.30      661.1
641.40      652.3
641.50      641.0
641.60      630.5
641.70      620.5
641.80      611.0
641.90      599.8
642.00      589.5
642.10      580.0
642.20      570.9
642.30      560.7
642.40      551.2
642.50      542.9
642.60      532.6
642.70      523.1
642.80      515.0
642.90      506.0
643.00      497.4
643.10      488.9
643.20      480.3
643.30      472.0
643.40      463.7
643.50      455.9
643.60      447.6
643.70      439.3
643.80      431.3
643.90      424.7
644.00      417.1
644.10      409.0
644.20      402.7
644.30      396.1
644.40      389.3
644.50      382.4
644.60      376.3
644.70      369.2
644.80      362.9
644.90      356.5
645.00      350.9
645.10      344.6
645.20      338.5
645.30      333.1
645.40      327.5
645.50      321.4
645.60      316.2
645.70      311.1
645.80      305.5
645.90      300.1
646.00      295.2
646.10      290.4
646.20      285.2
646.30      280.3
646.40      275.9
646.50      271.1
646.60      266.4
646.70      262.3
646.80      258.1
646.90      253.7
647.00      249.6
647.10      245.7
647.20      241.5
647.30      237.4
647.40      233.9
647.50      230.0
647.60      226.1
647.70      222.5
647.80      219.3
647.90      215.6
648.00      212.2
648.10      208.8
648.20      205.6
648.30      202.2
648.40      199.0
648.50      195.8
648.60      192.7
648.70      189.5
648.80      186.6
648.90      183.6
649.00      180.5
649.10      177.5
649.20      175.1
649.30      172.2
649.40      169.2
649.50      166.5
649.60      164.1
649.70      161.2
649.80      158.5
649.90      156.0
650.00      153.4
650.10      150.7
650.20      148.2
650.30      145.8
650.40      143.3
650.50      140.9
650.60      138.5
650.70      136.3
650.80      133.8
650.90      131.6
651.00      129.4
651.10      127.0
651.20      124.8
651.30      122.6
651.40      120.4
651.50      118.2
651.60      116.0
651.70      114.0
651.80      112.1
651.90      109.9
652.00      107.9
652.10      106.0
652.20      103.8
652.30      101.8
652.40      100.1
652.50      98.2
652.60      96.2
652.70      94.5
652.80      92.8
652.90      91.1
653.00      89.4
653.10      87.7
653.20      86.0
653.30      84.5
653.40      82.8
653.50      81.3
653.60      79.9
653.70      78.1
653.80      76.9
653.90      75.5
654.00      74.0
654.10      72.5
654.20      71.3
654.30      69.8
654.40      68.6
654.50      67.4
654.60      65.9
654.70      64.7
654.80      63.7
654.90      62.5
655.00      61.3
655.10      60.1
655.20      59.1
655.30      57.9
655.40      56.7
655.50      55.7
655.60      54.7
655.70      53.7
655.80      52.7
655.90      51.8
656.00      50.8
656.10      49.8
656.20      48.8
656.30      47.9
656.40      47.1
656.50      46.2
656.60      45.2
656.70      44.4
656.80      43.5
656.90      42.7
657.00      42.0
657.10      41.3
657.20      40.3
657.30      39.6
657.40      38.8
657.50      38.1
657.60      37.4
657.70      36.6
657.80      35.9
657.90      35.4
658.00      34.7
658.10      33.9
658.20      33.5
658.30      32.7
658.40      32.2
658.50      31.7
658.60      31.0
658.70      30.5
658.80      30.0
658.90      29.5
659.00      29.1
659.10      28.6
659.20      28.1
659.30      27.6
659.40      27.1
659.50      26.6
659.60      26.1
659.70      25.9
659.80      25.4
659.90      24.9
660.00      24.4
660.10      23.9
660.20      23.7
660.30      23.2
660.40      23.0
660.50      22.7
660.60      22.2
660.70      22.0
660.80      21.5
660.90      21.2
661.00      21.0
661.10      20.5
661.20      20.3
661.30      20.0
661.40      19.8
661.50      19.5
661.60      19.0
661.70      18.8
661.80      18.6
661.90      18.3
662.00      18.1
662.10      17.8
662.20      17.6
662.30      17.3
662.40      17.1
662.50      16.8
662.60      16.6
662.70      16.4
662.80      16.1
662.90      15.9
663.00      15.6
663.10      15.4
663.20      15.1
663.30      15.1
663.40      14.9
663.50      14.7
663.60      14.4
663.70      14.2
663.80      13.9
663.90      13.9
664.00      13.7
664.10      13.4
664.20      13.2
664.30      13.2
664.40      12.9
664.50      12.7
664.60      12.7
664.70      12.5
664.80      12.2
664.90      12.2
665.00      12.0
665.10      11.7
665.20      11.7
665.30      11.5
665.40      11.2
665.50      11.2
665.60      11.0
665.70      11.0
665.80      10.7
665.90      10.7
666.00      10.5
666.10      10.3
666.20      10.3
666.30      10.0
666.40      10.0
666.50      9.8
666.60      9.8
666.70      9.5
666.80      9.5
666.90      9.3
667.00      9.3
667.10      9.0
667.20      9.0
667.30      8.8
667.40      8.8
667.50      8.8
667.60      8.5
667.70      8.5
667.80      8.3
667.90      8.3
668.00      8.1
668.10      8.1
668.20      7.8
668.30      7.8
668.40      7.6
668.50      7.6
668.60      7.3
668.70      7.3
668.80      7.3
668.90      7.1
669.00      7.1
669.10      7.1
669.20      6.8
669.30      6.8
669.40      6.6
669.50      6.6
669.60      6.6
669.70      6.3
669.80      6.3
669.90      6.3
670.00      6.1
670.10      6.1
670.20      6.1
670.30      5.9
670.40      5.9
670.50      5.9
670.60      5.6
670.70      5.6
670.80      5.6
670.90      5.6
671.00      5.4
671.10      5.4
671.20      5.4
671.30      5.1
671.40      5.1
671.50      5.1
671.60      5.1
671.70      4.9
671.80      4.9
671.90      4.9
672.00      4.9
672.10      4.6
672.20      4.6
672.30      4.6
672.40      4.6
672.50      4.6
672.60      4.4
672.70      4.4
672.80      4.4
672.90      4.4
673.00      4.2
673.10      4.2
673.20      4.2
673.30      4.2
673.40      3.9
673.50      3.9
673.60      3.9
673.70      3.9
673.80      3.9
673.90      3.9
674.00      3.7
674.10      3.7
674.20      3.7
674.30      3.7
674.40      3.7
674.50      3.7
674.60      3.7
674.70      3.7
674.80      3.4
674.90      3.4
675.00      3.4
675.10      3.4
675.20      3.4
675.30      3.4
675.40      3.4
675.50      3.4
675.60      3.2
675.70      3.2
675.80      3.2
675.90      3.2
676.00      3.2
676.10      3.2
676.20      3.2
676.30      3.2
676.40      3.2
676.50      3.2
676.60      2.9
676.70      2.9
676.80      2.9
676.90      2.9
677.00      2.9
677.10      2.9
677.20      2.9
677.30      2.9
677.40      2.9
677.50      2.9
677.60      2.9
677.70      2.9
677.80      2.7
677.90      2.9
678.00      2.7
678.10      2.7
678.20      2.7
678.30      2.7
678.40      2.7
678.50      2.7
678.60      2.7
678.70      2.7
678.80      2.7
678.90      2.7
679.00      2.7
679.10      2.7
679.20      2.4
679.30      2.7
679.40      2.4
679.50      2.7
679.60      2.4
679.70      2.4
679.80      2.4
679.90      2.4
680.00      2.4
680.10      2.4
680.20      2.4
680.30      2.4
680.40      2.4
680.50      2.4
680.60      2.4
680.70      2.4
680.80      2.4
680.90      2.4
681.00      2.4
681.10      2.4
681.20      2.4
681.30      2.4
681.40      2.2
681.50      2.4
681.60      2.2
681.70      2.4
681.80      2.2
681.90      2.4
682.00      2.2
682.10      2.2
682.20      2.2
682.30      2.2
682.40      2.2
682.50      2.2
682.60      2.2
682.70      2.2
682.80      2.2
682.90      2.2
683.00      2.2
683.10      2.2
683.20      2.2
683.30      2.2
683.40      2.2
683.50      2.2
683.60      2.2
683.70      2.2
683.80      2.2
683.90      2.2
684.00      2.2
684.10      2.2
684.20      2.2
684.30      2.2
684.40      2.2
684.50      2.2
684.60      2.0
684.70      2.2
684.80      2.0
684.90      2.2
685.00      2.0
685.10      2.0
685.20      2.0
685.30      2.0
685.40      2.0
685.50      2.0
685.60      2.0
685.70      2.0
685.80      2.0
685.90      2.0
686.00      2.0
686.10      2.0
686.20      2.0
686.30      2.0
686.40      2.0
686.50      2.0
686.60      2.0
686.70      2.0
686.80      2.0
686.90      2.0
687.00      2.0
687.10      2.0
687.20      2.0
687.30      2.0
687.40      2.0
687.50      2.0
687.60      2.0
687.70      2.0
687.80      2.0
687.90      2.0
688.00      2.0
688.10      2.0
688.20      2.0
688.30      2.0
688.40      2.0
688.50      2.0
688.60      2.0
688.70      2.0
688.80      2.0
688.90      2.0
689.00      2.0
689.10      2.0
689.20      2.0
689.30      2.0
689.40      1.7
689.50      2.0
689.60      1.7
689.70      2.0
689.80      2.0
689.90      2.0
690.00      1.7
690.10      2.0
690.20      1.7
690.30      2.0
690.40      1.7
690.50      2.0
690.60      1.7
690.70      2.0
690.80      1.7
690.90      2.0
691.00      1.7
691.10      2.0
691.20      1.7
691.30      2.0
691.40      1.7
691.50      2.0
691.60      1.7
691.70      1.7
691.80      1.7
691.90      1.7
692.00      1.7
692.10      1.7
692.20      1.7
692.30      1.7
692.40      1.7
692.50      1.7
692.60      1.7
692.70      1.7
692.80      1.7
692.90      1.7
693.00      1.7
693.10      1.7
693.20      1.7
693.30      1.7
693.40      1.7
693.50      1.7
693.60      1.7
693.70      1.7
693.80      1.7
693.90      1.7
694.00      1.7
694.10      1.7
694.20      1.7
694.30      1.7
694.40      1.7
694.50      1.7
694.60      1.7
694.70      1.7
694.80      1.7
694.90      1.7
695.00      1.7
695.10      1.7
695.20      1.7
695.30      1.7
695.40      1.7
695.50      1.7
695.60      1.7
695.70      1.7
695.80      1.7
695.90      1.7
696.00      1.7
696.10      1.7
696.20      1.7
696.30      1.7
696.40      1.7
696.50      1.7
696.60      1.7
696.70      1.7
696.80      1.7
696.90      1.7
697.00      1.7
697.10      1.7
697.20      1.7
697.30      1.7
697.40      1.7
697.50      1.7
697.60      1.7
697.70      1.7
697.80      1.7
697.90      1.7
698.00      1.7
698.10      1.7
698.20      1.7
698.30      1.7
698.40      1.7
698.50      1.7
698.60      1.7
698.70      1.7
698.80      1.7
698.90      1.7
699.00      1.7
699.10      1.7
699.20      1.7
699.30      1.7
699.40      1.7
699.50      1.7
699.60      1.7
699.70      1.7
699.80      1.7
699.90      1.7
700.00      1.7
700.10      1.7
700.20      1.7
700.30      1.7
700.40      1.7
700.50      1.7
700.60      1.7
700.70      1.7
700.80      1.7
700.90      1.7
701.00      1.7
701.10      1.7
701.20      1.7
701.30      1.7
701.40      1.7
701.50      1.7
701.60      1.7
701.70      1.7
701.80      1.7
701.90      1.7
702.00      1.7
702.10      1.7
702.20      1.7
702.30      1.7
702.40      1.7
702.50      1.7
702.60      1.7
702.70      1.7
702.80      1.7
702.90      1.7
703.00      1.7
703.10      1.7
703.20      1.7
703.30      1.7
703.40      1.7
703.50      1.7
703.60      1.7
703.70      1.7
703.80      1.7
703.90      1.7
704.00      1.7
704.10      1.7
704.20      1.7
704.30      1.7
704.40      1.7
704.50      1.7
704.60      1.7
704.70      1.7
704.80      1.7
704.90      1.7
705.00      1.7
705.10      1.7
705.20      1.7
705.30      1.7
705.40      1.7
705.50      1.7
705.60      1.7
705.70      1.7
705.80      1.7
705.90      1.7
706.00      1.7
706.10      1.7
706.20      1.7
706.30      1.7
706.40      1.7
706.50      1.7
706.60      1.7
706.70      1.7
706.80      1.7
706.90      1.7
707.00      1.7
707.10      1.7
707.20      1.7
707.30      1.7
707.40      1.7
707.50      1.7
707.60      1.7
707.70      1.7
707.80      1.7
707.90      1.7
708.00      1.7
708.10      1.7
708.20      1.7
708.30      1.7
708.40      1.7
708.50      1.7
708.60      1.7
708.70      1.7
708.80      1.7
708.90      1.7
709.00      1.7
709.10      1.7
709.20      1.7
709.30      1.7
709.40      1.7
709.50      1.7
709.60      1.7
709.70      1.7
709.80      1.7
709.90      1.7
710.00      1.7
710.10      1.7
710.20      1.7
710.30      1.7
710.40      1.7
710.50      1.7
710.60      1.7
710.70      1.7
710.80      1.7
710.90      1.7
711.00      1.7
711.10      1.7
711.20      1.7
711.30      1.7
711.40      1.7
711.50      1.7
711.60      1.7
711.70      1.7
711.80      1.7
711.90      1.7
712.00      1.7
712.10      1.7
712.20      1.7
712.30      1.7
712.40      1.7
712.50      1.7
712.60      1.7
712.70      1.7
712.80      1.7
712.90      1.7
713.00      1.7
713.10      1.7
713.20      1.7
713.30      1.7
713.40      1.7
713.50      1.7
713.60      1.7
713.70      1.7
713.80      1.7
713.90      1.7
714.00      1.7
714.10      1.7
714.20      1.7
714.30      1.7
714.40      1.7
714.50      1.7
714.60      1.7
714.70      1.7
714.80      1.7
714.90      1.7
715.00      1.7
715.10      1.7
715.20      1.7
715.30      1.7
715.40      1.7
715.50      1.7
715.60      1.7
715.70      1.7
715.80      1.7
715.90      1.7
716.00      1.7
716.10      1.7
716.20      1.7
716.30      1.7
716.40      1.7
716.50      1.7
716.60      1.7
716.70      1.7
716.80      1.7
716.90      1.7
717.00      1.7
717.10      1.7
717.20      1.7
717.30      1.7
717.40      1.7
717.50      1.7
717.60      1.7
717.70      1.7
717.80      1.7
717.90      1.7
718.00      1.7
718.10      1.7
718.20      1.7
718.30      1.7
718.40      1.7
718.50      1.7
718.60      1.7
718.70      1.7
718.80      1.7
718.90      1.7
719.00      1.7
719.10      1.7
719.20      1.7
719.30      1.7
719.40      1.7
719.50      1.7
719.60      1.7
719.70      1.7
719.80      1.7
719.90      1.7
720.00      1.7
720.10      1.7
720.20      1.7
720.30      1.7
720.40      1.7
720.50      1.7
720.60      1.7
720.70      1.7
720.80      1.7
720.90      1.7
721.00      1.7
721.10      1.7
721.20      1.7
721.30      1.7
721.40      1.7
721.50      1.7
721.60      1.7
721.70      1.7
721.80      1.7
721.90      1.7
722.00      1.7
722.10      1.7
722.20      1.7
722.30      1.7
722.40      1.7
722.50      1.7
722.60      1.7
722.70      1.7
722.80      1.7
722.90      1.7
723.00      1.7
723.10      1.7
723.20      1.7
723.30      1.7
723.40      1.7
723.50      1.7
723.60      1.7
723.70      1.7
723.80      1.7
723.90      1.7
724.00      1.7
724.10      1.7
724.20      1.7
724.30      1.7
724.40      1.7
724.50      1.7
724.60      1.7
724.70      1.7
724.80      1.7
724.90      1.7
725.00      1.7
725.10      1.7
725.20      1.7
725.30      1.7
725.40      1.7
725.50      1.7
725.60      1.7
725.70      1.7
725.80      1.7
725.90      1.7
726.00      1.7
726.10      1.7
726.20      1.7
726.30      1.7
726.40      1.7
726.50      1.7
726.60      1.7
726.70      1.7
726.80      1.7
726.90      1.7
727.00      1.7
727.10      1.7
727.20      1.7
727.30      1.7
727.40      1.7
727.50      1.7
727.60      1.7
727.70      1.7
727.80      1.7
727.90      1.7
728.00      1.7
728.10      1.7
728.20      1.7
728.30      1.7
728.40      1.7
728.50      1.7
728.60      1.7
728.70      1.7
728.80      1.7
728.90      1.7
729.00      1.7
729.10      1.7
729.20      1.7
729.30      1.7
729.40      1.7
729.50      1.7
729.60      1.7
729.70      1.7
729.80      1.7
729.90      1.7
730.00      1.7
730.10      1.7
730.20      1.7
730.30      1.7
730.40      1.7
730.50      1.7
730.60      1.7
730.70      1.7
730.80      1.7
730.90      1.7
731.00      1.7
731.10      1.7
731.20      1.7
731.30      1.7
731.40      1.7
731.50      1.7
731.60      1.7
731.70      1.7
731.80      1.7
731.90      1.7
732.00      1.7
732.10      1.7
732.20      1.7
732.30      1.7
732.40      1.7
732.50      1.7
732.60      1.7
732.70      1.7
732.80      1.7
732.90      1.7
733.00      1.7
733.10      1.7
733.20      1.7
733.30      1.7
733.40      1.7
733.50      1.7
733.60      1.7
733.70      1.7
733.80      1.7
733.90      1.7
734.00      1.7
734.10      1.7
734.20      1.7
734.30      1.7
734.40      1.7
734.50      1.7
734.60      1.7
734.70      1.7
734.80      1.7
734.90      1.7
735.00      1.7
735.10      1.7
735.20      1.7
735.30      1.7
735.40      1.7
735.50      1.7
735.60      1.7
735.70      1.7
735.80      1.7
735.90      1.7
736.00      1.7
736.10      1.7
736.20      1.7
736.30      1.7
736.40      1.7
736.50      1.7
736.60      1.7
736.70      1.7
736.80      1.7
736.90      1.7
737.00      1.7
737.10      1.7
737.20      1.7
737.30      1.7
737.40      1.7
737.50      1.7
737.60      1.7
737.70      1.7
737.80      1.7
737.90      1.7
738.00      1.7
738.10      1.7
738.20      1.7
738.30      1.7
738.40      1.7
738.50      1.7
738.60      1.7
738.70      1.7
738.80      1.7
738.90      1.7
739.00      1.7
739.10      1.7
739.20      1.7
739.30      1.7
739.40      1.7
739.50      1.7
739.60      1.7
739.70      1.7
739.80      1.7
739.90      1.7
740.00      1.7
740.10      1.7
740.20      1.7
740.30      1.7
740.40      1.7
740.50      1.7
740.60      1.7
740.70      1.7
740.80      1.7
740.90      1.7
741.00      1.7
741.10      1.7
741.20      1.7
741.30      1.7
741.40      1.7
741.50      1.7
741.60      1.7
741.70      1.7
741.80      1.7
741.90      1.7
742.00      1.7
742.10      1.7
742.20      1.7
742.30      1.7
742.40      1.5
742.50      1.7
742.60      1.5
742.70      1.7
742.80      1.7
742.90      1.7
743.00      1.5
743.10      1.7
743.20      1.5
743.30      1.7
743.40      1.5
743.50      1.7
743.60      1.5
743.70      1.7
743.80      1.5
743.90      1.7
744.00      1.5
744.10      1.7
744.20      1.5
744.30      1.7
744.40      1.5
744.50      1.7
744.60      1.5
744.70      1.5
744.80      1.5
744.90      1.5
745.00      1.5
745.10      1.5
745.20      1.5
745.30      1.5
745.40      1.5
745.50      1.5
745.60      1.5
745.70      1.5
745.80      1.5
745.90      1.5
746.00      1.5
746.10      1.5
746.20      1.5
746.30      1.5
746.40      1.5
746.50      1.5
746.60      1.5
746.70      1.5
746.80      1.5
746.90      1.5
747.00      1.5
747.10      1.5
747.20      1.5
747.30      1.5
747.40      1.5
747.50      1.5
747.60      1.5
747.70      1.5
747.80      1.5
747.90      1.5
748.00      1.5
748.10      1.5
748.20      1.5
748.30      1.5
748.40      1.5
748.50      1.5
748.60      1.5
748.70      1.5
748.80      1.5
748.90      1.5
749.00      1.5
749.10      1.5
749.20      1.5
749.30      1.5
749.40      1.5
749.50      1.5
749.60      1.5
749.70      1.5
749.80      1.5
749.90      1.5
750.00      1.5
750.10      1.5
750.20      1.5
750.30      1.5
750.40      1.5
750.50      1.5
750.60      1.5
750.70      1.5
750.80      1.5
750.90      1.5
751.00      1.5
751.10      1.5
751.20      1.5
751.30      1.5
751.40      1.5
751.50      1.5
751.60      1.5
751.70      1.5
751.80      1.5
751.90      1.5
752.00      1.5
752.10      1.5
752.20      1.5
752.30      1.5
752.40      1.5
752.50      1.5
752.60      1.5
752.70      1.5
752.80      1.5
752.90      1.5
753.00      1.5
753.10      1.5
753.20      1.5
753.30      1.5
753.40      1.5
753.50      1.5
753.60      1.5
753.70      1.5
753.80      1.5
753.90      1.5
754.00      1.5
754.10      1.5
754.20      1.5
754.30      1.5
754.40      1.5
754.50      1.5
754.60      1.5
754.70      1.5
754.80      1.5
754.90      1.5
755.00      1.5
755.10      1.5
755.20      1.5
755.30      1.5
755.40      1.5
755.50      1.5
755.60      1.5
755.70      1.5
755.80      1.5
755.90      1.5
756.00      1.5
756.10      1.5
756.20      1.5
756.30      1.5
756.40      1.5
756.50      1.5
756.60      1.5
756.70      1.5
756.80      1.5
756.90      1.5
757.00      1.5
757.10      1.5
757.20      1.5
757.30      1.5
757.40      1.5
757.50      1.5
757.60      1.5
757.70      1.5
757.80      1.5
757.90      1.5
758.00      1.5
758.10      1.5
758.20      1.5
758.30      1.5
758.40      1.5
758.50      1.5
758.60      1.5
758.70      1.5
758.80      1.5
758.90      1.5
759.00      1.5
759.10      1.5
759.20      1.5
759.30      1.5
759.40      1.5
759.50      1.5
759.60      1.5
759.70      1.5
759.80      1.2
759.90      1.5
760.00      1.5
760.10      1.5
760.20      1.5
760.30      1.5
760.40      1.5
760.50      1.5
760.60      1.5
760.70      1.5
760.80      1.5
760.90      1.5
761.00      1.5
761.10      1.5
761.20      1.5
761.30      1.5
761.40      1.2
761.50      1.5
761.60      1.2
761.70      1.5
761.80      1.5
761.90      1.5
762.00      1.5
762.10      1.5
762.20      1.2
762.30      1.5
762.40      1.2
762.50      1.5
762.60      1.5
762.70      1.5
762.80      1.5
762.90      1.5
763.00      1.2
763.10      1.5
763.20      1.2
763.30      1.5
763.40      1.2
763.50      1.5
763.60      1.2
763.70      1.5
763.80      1.2
763.90      1.5
764.00      1.2
764.10      1.5
764.20      1.2
764.30      1.5
764.40      1.2
764.50      1.5
764.60      1.2
764.70      1.5
764.80      1.2
764.90      1.5
765.00      1.2
765.10      1.5
765.20      1.2
765.30      1.5
765.40      1.2
765.50      1.5
765.60      1.2
765.70      1.5
765.80      1.2
765.90      1.5
766.00      1.2
766.10      1.5
766.20      1.2
766.30      1.5
766.40      1.2
766.50      1.5
766.60      1.2
766.70      1.5
766.80      1.2
766.90      1.5
767.00      1.2
767.10      1.5
767.20      1.2
767.30      1.5
767.40      1.2
767.50      1.5
767.60      1.2
767.70      1.5
767.80      1.2
767.90      1.5
768.00      1.2
768.10      1.5
768.20      1.2
768.30      1.5
768.40      1.2
768.50      1.5
768.60      1.2
768.70      1.5
768.80      1.2
768.90      1.5
769.00      1.2
769.10      1.2
769.20      1.2
769.30      1.2
769.40      1.2
769.50      1.2
769.60      1.2
769.70      1.5
769.80      1.2
769.90      1.5
770.00      1.2
770.10      1.2
770.20      1.2
770.30      1.5
770.40      1.2
770.50      1.5
770.60      1.2
770.70      1.2
770.80      1.2
770.90      1.2
771.00      1.2
771.10      1.2
771.20      1.2
771.30      1.5
771.40      1.2
771.50      1.2
771.60      1.2
771.70      1.2
771.80      1.2
771.90      1.2
772.00      1.2
772.10      1.2
772.20      1.2
772.30      1.2
772.40      1.2
772.50      1.2
772.60      1.2
772.70      1.2
772.80      1.2
772.90      1.2
773.00      1.2
773.10      1.2
773.20      1.2
773.30      1.2
773.40      1.2
773.50      1.2
773.60      1.2
773.70      1.2
773.80      1.2
773.90      1.2
774.00      1.2
774.10      1.2
774.20      1.2
774.30      1.5
774.40      1.2
774.50      1.5
774.60      1.2
774.70      1.2
774.80      1.2
774.90      1.2
775.00      1.2
775.10      1.2
775.20      1.2
775.30      1.2
775.40      1.2
775.50      1.2
775.60      1.2
775.70      1.2
775.80      1.2
775.90      1.2
776.00      1.2
776.10      1.2
776.20      1.2
776.30      1.2
776.40      1.2
776.50      1.2
776.60      1.2
776.70      1.2
776.80      1.2
776.90      1.2
777.00      1.2
777.10      1.2
777.20      1.2
777.30      1.2
777.40      1.2
777.50      1.2
777.60      1.2
777.70      1.2
777.80      1.2
777.90      1.2
778.00      1.2
778.10      1.2
778.20      1.2
778.30      1.2
778.40      1.2
778.50      1.2
778.60      1.2
778.70      1.2
778.80      1.2
778.90      1.2
779.00      1.2
779.10      1.2
779.20      1.2
779.30      1.2
779.40      1.2
779.50      1.2
779.60      1.2
779.70      1.2
779.80      1.2
779.90      1.2
780.00      1.2
780.10      1.2
780.20      1.2
780.30      1.2
780.40      1.2
780.50      1.2
780.60      1.2
780.70      1.2
780.80      1.2
780.90      1.2
781.00      1.2
781.10      1.2
781.20      1.2
781.30      1.2
781.40      1.2
781.50      1.2
781.60      1.2
781.70      1.2
781.80      1.2
781.90      1.2
782.00      1.2
782.10      1.2
782.20      1.2
782.30      1.2
782.40      1.2
782.50      1.2
782.60      1.2
782.70      1.2
782.80      1.2
782.90      1.2
783.00      1.2
783.10      1.2
783.20      1.2
783.30      1.2
783.40      1.2
783.50      1.2
783.60      1.2
783.70      1.2
783.80      1.2
783.90      1.2
784.00      1.2
784.10      1.2
784.20      1.2
784.30      1.2
784.40      1.2
784.50      1.2
784.60      1.2
784.70      1.2
784.80      1.2
784.90      1.2
785.00      1.2
785.10      1.2
785.20      1.2
785.30      1.2
785.40      1.2
785.50      1.2
785.60      1.2
785.70      1.2
785.80      1.2
785.90      1.2
786.00      1.2
786.10      1.2
786.20      1.2
786.30      1.2
786.40      1.2
786.50      1.2
786.60      1.2
786.70      1.2
786.80      1.2
786.90      1.2
787.00      1.2
787.10      1.2
787.20      1.2
787.30      1.2
787.40      1.2
787.50      1.2
787.60      1.2
787.70      1.2
787.80      1.2
787.90      1.2
788.00      1.2
788.10      1.2
788.20      1.2
788.30      1.2
788.40      1.2
788.50      1.2
788.60      1.2
788.70      1.2
788.80      1.2
788.90      1.2
789.00      1.2
789.10      1.2
789.20      1.2
789.30      1.2
789.40      1.2
789.50      1.2
789.60      1.2
789.70      1.2
789.80      1.2
789.90      1.2
790.00      1.2
790.10      1.2
790.20      1.2
790.30      1.2
790.40      1.2
790.50      1.2
790.60      1.2
790.70      1.2
790.80      1.2
790.90      1.2
791.00      1.2
791.10      1.2
791.20      1.2
791.30      1.2
791.40      1.2
791.50      1.2
791.60      1.2
791.70      1.2
791.80      1.2
791.90      1.2
792.00      1.2
792.10      1.2
792.20      1.2
792.30      1.2
792.40      1.2
792.50      1.2
792.60      1.2
792.70      1.2
792.80      1.2
792.90      1.2
793.00      1.2
793.10      1.2
793.20      1.2
793.30      1.2
793.40      1.2
793.50      1.2
793.60      1.2
793.70      1.2
793.80      1.2
793.90      1.2
794.00      1.2
794.10      1.2
794.20      1.2
794.30      1.2
794.40      1.2
794.50      1.2
794.60      1.2
794.70      1.2
794.80      1.2
794.90      1.2
795.00      1.2
795.10      1.2
795.20      1.2
795.30      1.2
795.40      1.2
795.50      1.2
795.60      1.2
795.70      1.2
795.80      1.2
795.90      1.2
796.00      1.2
796.10      1.2
796.20      1.2
796.30      1.2
796.40      1.2
796.50      1.2
796.60      1.2
796.70      1.2
796.80      1.2
796.90      1.2
797.00      1.2
797.10      1.2
797.20      1.2
797.30      1.2
797.40      1.2
797.50      1.2
797.60      1.2
797.70      1.2
797.80      1.2
797.90      1.2
798.00      1.2
798.10      1.2
798.20      1.2
798.30      1.2
798.40      1.2
798.50      1.2
798.60      1.2
798.70      1.2
798.80      1.2
798.90      1.2
799.00      1.2
799.10      1.2
799.20      1.2
799.30      1.2
799.40      1.2
799.50      1.2
799.60      1.2
799.70      1.2
799.80      1.2
799.90      1.2
800.00      1.2
